
Statistical table extracted on October 18, 2022 (23:21:44)
http://www.ine.pt



Geographic localization (NUTS -2013);Value of total standard production (?) of agricultural holdings by Geographic localization (NUTS -2013) -  Decennial (1) ;
;Data reference period;
;2009;
;? ;
PT: Portugal;4639738780;
1: Continente;4208310788;
11: Norte;927683951;
111: Alto Minho;68962051;
1111601: Arcos de Valdevez;8999064;
111160101: Aboim das Choças;102370;
111160102: Aguiã;141807;
111160104: Ázere;90852;
111160105: Cabana Maior;163891;
111160106: Cabreiro;504842;
111160108: Cendufe;111995;
111160109: Couto;67211;
111160113: Gavieira;644006;
111160115: Gondoriz;584747;
111160142: Jolda (São Paio);95462;
111160121: Miranda;223743;
111160122: Monte Redondo;108546;
111160123: Oliveira;126457;
111160124: Paçô;607403;
111160125: Padroso;146176;
111160128: Prozelo;156895;
111160131: Rio de Moinhos;130468;
111160130: Rio Frio;411148;
111160133: Sabadim;139995;
111160144: Senharei;192583;
111160145: Sistelo;496341;
111160146: Soajo;649546;
111160152: União das freguesias de Alvora e Loureda;197082;
111160154: União das freguesias de Arcos de Valdevez (Salvador), Vila Fonche e Parada;63396;
111160153: União das freguesias de Arcos de Valdevez (São Paio) e Giela;220736;
111160155: União das freguesias de Eiras e Mei;123242;
111160156: União das freguesias de Grade e Carralcova;267041;
111160157: União das freguesias de Guilhadeses e Santar;185306;
111160158: União das freguesias de Jolda (Madalena) e Rio Cabrão;158044;
111160159: União das freguesias de Padreiro (Salvador e Santa Cristina);240713;
111160160: União das freguesias de Portela e Extremo;151043;
111160161: União das freguesias de São Jorge e Ermelo;308053;
111160162: União das freguesias de Souto e Tabaçô;182419;
111160163: União das freguesias de Távora (Santa Maria e São Vicente);307071;
111160164: União das freguesias de Vilela, São Cosme e São Damião e Sá;324707;
111160149: Vale;373727;
1111602: Caminha;2894007;
111160201: Âncora;51541;
111160205: Argela;103636;
111160209: Dem;92168;
111160211: Lanhelas;33069;
111160214: Riba de Âncora;1207195;
111160215: Seixas;40319;
111160221: União das freguesias de Arga (Baixo, Cima e São João);169922;
111160222: União das freguesias de Caminha (Matriz) e Vilarelho;68077;
111160223: União das freguesias de Gondar e Orbacém;196877;
111160224: União das freguesias de Moledo e Cristelo;43025;
111160225: União das freguesias de Venade e Azevedo;175062;
111160217: Vila Praia de Âncora;299309;
111160218: Vilar de Mouros;335310;
111160220: Vile;78497;
1111603: Melgaço;3678728;
111160301: Alvaredo;347243;
111160304: Cousso;83835;
111160305: Cristoval;83699;
111160307: Fiães;127473;
111160308: Gave;88700;
111160311: Paderne;492514;
111160313: Penso;228517;
111160317: São Paio;174860;
111160319: União das freguesias de Castro Laboreiro e Lamas de Mouro;984834;
111160320: União das freguesias de Chaviães e Paços;226461;
111160321: União das freguesias de Parada do Monte e Cubalhão;391235;
111160322: União das freguesias de Prado e Remoães;193885;
111160323: União das freguesias de Vila e Roussas;255472;
1111604: Monção;6897106;
111160401: Abedim;111381;
111160404: Barbeita;287814;
111160405: Barroças e Taias;131662;
111160406: Bela;177253;
111160407: Cambeses;159580;
111160410: Lara;181801;
111160411: Longos Vales;381878;
111160415: Merufe;747897;
111160418: Moreira;279838;
111160420: Pias;446966;
111160421: Pinheiros;219266;
111160422: Podame;105620;
111160423: Portela;102509;
111160424: Riba de Mouro;508384;
111160427: Segude;181683;
111160428: Tangil;427288;
111160431: Trute;110685;
111160434: União das freguesias de Anhões e Luzio;249369;
111160435: União das freguesias de Ceivães e Badim;326217;
111160436: União das freguesias de Mazedo e Cortes;512046;
111160437: União das freguesias de Messegães, Valadares e Sá;350499;
111160438: União das freguesias de Monção e Troviscoso;487903;
111160439: União das freguesias de Sago, Lordelo e Parada;312662;
111160440: União das freguesias de Troporiz e Lapela;96905;
1111605: Paredes de Coura;5377308;
111160501: Agualonga;141070;
111160503: Castanheira;216002;
111160505: Coura;119484;
111160507: Cunha;369881;
111160510: Infesta;167252;
111160513: Mozelos;492130;
111160514: Padornelo;195403;
111160515: Parada;232570;
111160519: Romarigães;682443;
111160520: Rubiães;195229;
111160522: União das freguesias de Bico e Cristelo;412560;
111160523: União das freguesias de Cossourado e Linhares;150497;
111160524: União das freguesias de Formariz e Ferreira;686884;
111160525: União das freguesias de Insalde e Porreiras;897944;
111160526: União das freguesias de Paredes de Coura e Resende;215810;
111160521: Vascões;202149;
1111606: Ponte da Barca;3491409;
111160601: Azias;182444;
111160602: Boivães;163710;
111160603: Bravães;173388;
111160604: Britelo;180720;
111160606: Cuide de Vila Verde;85466;
111160611: Lavradas;243138;
111160612: Lindoso;189980;
111160613: Nogueira;117191;
111160614: Oleiros;433676;
111160619: Sampriz;181064;
111160626: União das freguesias de Crasto, Ruivos e Grovelas;407930;
111160627: União das freguesias de Entre Ambos-os-Rios, Ermida e Germil;305952;
111160628: União das freguesias de Ponte da Barca, Vila Nova de Muía e Paço Vedro de Magalhães;514099;
111160629: União das freguesias de Touvedo (São Lourenço e Salvador);116805;
111160630: União das freguesias de Vila Chã (São João Baptista e Santiago);120823;
111160623: Vade (São Pedro);37555;
111160624: Vade (São Tomé);37466;
1111607: Ponte de Lima;17322659;
111160701: Anais;579625;
111160752: Arca e Ponte de Lima;286423;
111160704: Arcozelo;510340;
111160753: Ardegão, Freixo e Mato;1120533;
111160754: Associação de freguesias do Vale do Neiva;974992;
111160755: Bárrio e Cepões;157244;
111160707: Beiral do Lima;384790;
111160708: Bertiandos;367901;
111160709: Boalhosa;106096;
111160710: Brandara;118924;
111160756: Cabaços e Fojo Lobal;480267;
111160757: Cabração e Moreira do Lima;689246;
111160713: Calheiros;285775;
111160714: Calvelo;611406;
111160716: Correlhã;1667045;
111160717: Estorãos;180817;
111160718: Facha;406208;
111160719: Feitosa;134127;
111160721: Fontão;719688;
111160758: Fornelos e Queijada;611801;
111160724: Friastelas;317533;
111160726: Gandra;260920;
111160727: Gemieira;360572;
111160728: Gondufe;259507;
111160729: Labruja;100890;
111160759: Labrujó, Rendufe e Vilar do Monte;350843;
111160760: Navió e Vitorino dos Piães;850750;
111160734: Poiares;1705570;
111160744: Rebordões (Santa Maria);354727;
111160747: Rebordões (Souto);214215;
111160737: Refóios do Lima;806112;
111160739: Ribeira;319472;
111160740: Sá;161668;
111160742: Santa Comba;41489;
111160743: Santa Cruz do Lima;91527;
111160703: São Pedro d'Arcos;281991;
111160745: Seara;123391;
111160746: Serdedelo;178181;
111160750: Vitorino das Donas;150050;
1111608: Valença;3635085;
111160802: Boivão;78968;
111160803: Cerdal;499691;
111160805: Fontoura;554023;
111160806: Friestas;59488;
111160808: Ganfei;449341;
111160812: São Pedro da Torre;293808;
111160817: União das freguesias de Gandra e Taião;645529;
111160818: União das freguesias de Gondomil e Sanfins;172030;
111160819: União das freguesias de São Julião e Silva;331453;
111160820: União das freguesias de Valença, Cristelo Covo e Arão;231389;
111160816: Verdoejo;319364;
1111609: Viana do Castelo;14870632;
111160901: Afife;461813;
111160902: Alvarães;475172;
111160903: Amonde;68074;
111160904: Anha;317865;
111160905: Areosa;336396;
111160908: Carreço;1152576;
111160910: Castelo do Neiva;275341;
111160940: Chafé;1093773;
111160911: Darque;41024;
111160914: Freixieiro de Soutelo;333328;
111160915: Lanheses;300805;
111160920: Montaria;300528;
111160922: Mujães;257147;
111160925: Outeiro;464355;
111160926: Perre;641221;
111160928: Santa Marta de Portuzelo;502168;
111160923: São Romão de Neiva;913893;
111160941: União das freguesias de Barroselas e Carvoeiro;1192374;
111160942: União das freguesias de Cardielos e Serreleis;323142;
111160943: União das freguesias de Geraz do Lima (Santa Maria, Santa Leocádia e Moreira) e Deão;663256;
111160944: União das freguesias de Mazarefes e Vila Fria;1352992;
111160945: União das freguesias de Nogueira, Meixedo e Vilar de Murteda;902906;
111160946: União das freguesias de Subportela, Deocriste e Portela Susã;660315;
111160947: União das freguesias de Torre e Vila Mou;778005;
111160948: União das freguesias de Viana do Castelo (Santa Maria Maior e Monserrate) e Meadela;257654;
111160938: Vila de Punhe;358047;
111160935: Vila Franca;446462;
1111610: Vila Nova de Cerveira;1796054;
111161003: Cornes;198905;
111161004: Covas;380698;
111161006: Gondarém;65551;
111161007: Loivo;64227;
111161009: Mentrestido;126518;
111161012: Sapardos;77768;
111161013: Sopo;67374;
111161016: União das freguesias de Campos e Vila Meã;246940;
111161017: União das freguesias de Candemil e Gondar;67820;
111161018: União das freguesias de Reboreda e Nogueira;453561;
111161019: União das freguesias de Vila Nova de Cerveira e Lovelhe;46692;
112: Cávado;138161282;
1120301: Amares;9469324;
112030102: Barreiros;372685;
112030104: Bico;27738;
112030119: Bouro (Santa Maria);145209;
112030120: Bouro (Santa Marta);177605;
112030105: Caires;200584;
112030107: Carrazedo;5183076;
112030108: Dornelas;345414;
112030111: Fiscal;222971;
112030112: Goães;195446;
112030113: Lago;104177;
112030118: Rendufe;570836;
112030125: União das freguesias de Amares e Figueiredo;448660;
112030126: União das freguesias de Caldelas, Sequeiros e Paranhos;230184;
112030127: União das freguesias de Ferreiros, Prozelo e Besteiros;752754;
112030128: União das freguesias de Torre e Portela;109763;
112030129: União das freguesias de Vilela, Seramil e Paredes Secas;382221;
1120302: Barcelos;84158539;
112030201: Abade de Neiva;1124434;
112030202: Aborim;492986;
112030203: Adães;553103;
112030205: Airó;245636;
112030206: Aldreu;739309;
112030208: Alvelos;835946;
112030209: Arcozelo;281288;
112030210: Areias;56990;
112030212: Balugães;316031;
112030213: Barcelinhos;552443;
112030215: Barqueiros;1792428;
112030216: Cambeses;902967;
112030218: Carapeços;349467;
112030220: Carvalhal;727878;
112030221: Carvalhas;746506;
112030224: Cossourado;1496562;
112030228: Cristelo;5821269;
112030234: Fornelos;1583218;
112030235: Fragoso;940829;
112030268: Galegos (Santa Maria);151854;
112030272: Galegos (São Martinho);304484;
112030237: Gilmonde;733137;
112030242: Lama;266631;
112030243: Lijó;1239913;
112030244: Macieira de Rates;5468485;
112030245: Manhente;2608411;
112030247: Martim;342956;
112030252: Moure;446894;
112030254: Oliveira;425717;
112030255: Palme;655191;
112030256: Panque;657235;
112030257: Paradela;3181410;
112030259: Pereira;412525;
112030260: Perelhal;485584;
112030261: Pousa;654635;
112030263: Remelhe;1669655;
112030265: Rio Covo (Santa Eugénia);709990;
112030264: Roriz;2177709;
112030279: Silva;347225;
112030277: Tamel (São Veríssimo);290563;
112030282: Ucha;1094395;
112030290: União das freguesias de Alheira e Igreja Nova;529659;
112030291: União das freguesias de Alvito (São Pedro e São Martinho) e Couto;1703009;
112030292: União das freguesias de Areias de Vilar e Encourados;733818;
112030293: União das freguesias de Barcelos, Vila Boa e Vila Frescainha (São Martinho e São Pedro);1795547;
112030294: União das freguesias de Campo e Tamel (São Pedro Fins);660597;
112030295: União das freguesias de Carreira e Fonte Coberta;2205793;
112030296: União das freguesias de Chorente, Góios, Courel, Pedra Furada e Gueral;8867660;
112030297: União das freguesias de Creixomil e Mariz;746075;
112030298: União das freguesias de Durrães e Tregosa;276525;
112030299: União das freguesias de Gamil e Midões;574291;
1120302FA: União das freguesias de Milhazes, Vilar de Figos e Faria;4297044;
1120302FB: União das freguesias de Negreiros e Chavão;3662983;
1120302FC: União das freguesias de Quintiães e Aguiar;941480;
1120302FD: União das freguesias de Sequeade e Bastuço (São João e Santo Estevão);1455377;
1120302FE: União das freguesias de Silveiros e Rio Covo (Santa Eulália);2007554;
1120302FF: União das freguesias de Tamel (Santa Leocádia) e Vilar do Monte;316236;
1120302FG: União das freguesias de Viatodos, Grimancelos, Minhotães e Monte de Fralães;4828549;
1120302FH: União das freguesias de Vila Cova e Feitos;2628644;
112030283: Várzea;377707;
112030287: Vila Seca;1666105;
1120303: Braga;13804594;
112030301: Adaúfe;712440;
112030349: Braga (São Vicente);- -;
112030351: Braga (São Vítor);22789;
112030312: Espinho;457504;
112030313: Esporões;295352;
112030315: Figueiredo;286757;
112030319: Gualtar;26797;
112030322: Lamas;74321;
112030325: Mire de Tibães;380992;
112030330: Padim da Graça;89234;
112030331: Palmeira;482035;
112030334: Pedralva;1084577;
112030336: Priscos;301583;
112030338: Ruilhe;244524;
112030354: Sequeira;519267;
112030355: Sobreposta;460153;
112030356: Tadim;135168;
112030357: Tebosa;87043;
112030363: União das freguesias de Arentim e Cunha;1269358;
112030364: União das freguesias de Braga (Maximinos, Sé e Cividade);68915;
112030365: União das freguesias de Braga (São José de São Lázaro e São João do Souto);4023;
112030366: União das freguesias de Cabreiros e Passos (São Julião);448074;
112030367: União das freguesias de Celeirós, Aveleda e Vimieiro;307375;
112030368: União das freguesias de Crespos e Pousada;579407;
112030369: União das freguesias de Escudeiros e Penso (Santo Estêvão e São Vicente);1445842;
112030370: União das freguesias de Este (São Pedro e São Mamede);309735;
112030371: União das freguesias de Ferreiros e Gondizalves;168247;
112030372: União das freguesias de Guisande e Oliveira (São Pedro);390028;
112030373: União das freguesias de Lomar e Arcos;283970;
112030374: União das freguesias de Merelim (São Paio), Panoias e Parada de Tibães;602605;
112030375: União das freguesias de Merelim (São Pedro) e Frossos;600014;
112030376: União das freguesias de Morreira e Trandeiras;505315;
112030377: União das freguesias de Nogueira, Fraião e Lamaçães;138943;
112030378: União das freguesias de Nogueiró e Tenões;72950;
112030379: União das freguesias de Real, Dume e Semelhe;525501;
112030380: União das freguesias de Santa Lucrécia de Algeriz e Navarra;213932;
112030381: União das freguesias de Vilaça e Fradelos;209822;
1120306: Esposende;15315838;
112030601: Antas;276527;
112030608: Forjães;620197;
112030610: Gemeses;1010612;
112030616: União das freguesias de Apúlia e Fão;3364769;
112030617: União das freguesias de Belinho e Mar;829012;
112030618: União das freguesias de Esposende, Marinhas e Gandra;3688160;
112030619: União das freguesias de Fonte Boa e Rio Tinto;4461125;
112030620: União das freguesias de Palmeira de Faro e Curvos;588212;
112030615: Vila Chã;477224;
1120310: Terras de Bouro;2758312;
112031001: Balança;171412;
112031003: Campo do Gerês;171102;
112031004: Carvalheira;214812;
112031008: Covide;239194;
112031009: Gondoriz;136462;
112031010: Moimenta;61959;
112031012: Ribeira;59844;
112031013: Rio Caldo;194103;
112031014: Souto;209745;
112031018: União das freguesias de Chamoim e Vilar;265194;
112031019: União das freguesias de Chorense e Monte;451134;
112031020: União das freguesias de Cibões e Brufe;301651;
112031015: Valdosende;75971;
112031017: Vilar da Veiga;205729;
1120313: Vila Verde;12654676;
112031359: Aboim da Nóbrega e Gondomar;446976;
112031304: Atiães;433865;
112031308: Cabanelas;1217888;
112031309: Cervães;470370;
112031311: Coucieiro;513234;
112031313: Dossãos;191299;
112031316: Freiriz;276622;
112031317: Gême;101747;
112031323: Lage;362150;
112031324: Lanhas;128399;
112031325: Loureira;102021;
112031328: Moure;233564;
112031330: Oleiros;181595;
112031331: Parada de Gatim;90005;
112031335: Pico;176712;
112031337: Ponte;150490;
112031350: Prado (São Miguel);134033;
112031340: Sabariz;64812;
112031352: Soutelo;806932;
112031354: Turiz;339927;
112031360: União das freguesias da Ribeira do Neiva;1215317;
112031361: União das freguesias de Carreiras (São Miguel) e Carreiras (Santiago);272016;
112031362: União das freguesias de Escariz (São Mamede) e Escariz (São Martinho);423497;
112031363: União das freguesias de Esqueiros, Nevogilde e Travassós;430446;
112031364: União das freguesias de Marrancos e Arcozelo;940696;
112031365: União das freguesias de Oriz (Santa Marinha) e Oriz (São Miguel);220564;
112031366: União das freguesias de Pico de Regalados, Gondiães e Mós;504849;
112031367: União das freguesias de Sande, Vilarinho, Barros e Gomide;298489;
112031368: União das freguesias de Valbom (São Pedro), Passô e Valbom (São Martinho);286017;
112031369: União das freguesias do Vade;342219;
112031355: Valdreu;345196;
112031342: Vila de Prado;615997;
112031370: Vila Verde e Barbudo;336729;
119: Ave;77357582;
1190304: Cabeceiras de Basto;5971695;
119030401: Abadim;358805;
119030404: Basto;270855;
119030405: Bucos;292293;
119030406: Cabeceiras de Basto;408676;
119030407: Cavez;817674;
119030408: Faia;188739;
119030413: Pedraça;263157;
119030415: Rio Douro;855280;
119030418: União das freguesias de Alvite e Passos;554211;
119030419: União das freguesias de Arco de Baúlhe e Vila Nune;390299;
119030420: União das freguesias de Gondiães e Vilar de Cunhas;538135;
119030421: União das freguesias de Refojos de Basto, Outeiro e Painzela;1033571;
1190307: Fafe;6530592;
119030705: Armil;730136;
119030726: Arões (Santa Cristina);112229;
119030730: Arões (São Romão);152841;
119030708: Estorãos;188312;
119030709: Fafe;192021;
119030712: Fornelos;114867;
119030714: Golães;189081;
119030716: Medelo;71975;
119030719: Paços;120408;
119030722: Quinchães;185743;
119030723: Regadas;288619;
119030724: Revelhe;226763;
119030725: Ribeiros;200189;
119030728: São Gens;389141;
119030729: Silvares (São Martinho);84814;
119030733: Travassós;345989;
119030737: União de freguesias de Aboim, Felgueiras, Gontim e Pedraído;320709;
119030738: União de freguesias de Agrela e Serafão;172593;
119030739: União de freguesias de Antime e Silvares (São Clemente);269504;
119030740: União de freguesias de Ardegão, Arnozela e Seidões;575911;
119030741: União de freguesias de Cepães e Fareja;375482;
119030742: União de freguesias de Freitas e Vila Cova;215830;
119030743: União de freguesias de Monte e Queimadela;414201;
119030744: União de freguesias de Moreira do Rei e Várzea Cova;474971;
119030736: Vinhós;118263;
1190308: Guimarães;17747114;
119030801: Aldão;79904;
119030804: Azurém;172971;
119030806: Barco;1280375;
119030807: Brito;497290;
119030808: Caldelas;214833;
119030857: Candoso (São Martinho);461939;
119030812: Costa;83569;
119030813: Creixomil;141192;
119030815: Fermentões;399254;
119030820: Gonça;121210;
119030821: Gondar;91510;
119030823: Guardizela;545781;
119030824: Infantas;174631;
119030827: Longos;438565;
119030828: Lordelo;203295;
119030830: Mesão Frio;133473;
119030831: Moreira de Cónegos;29110;
119030832: Nespereira;401766;
119030835: Pencelo;113592;
119030836: Pinheiro;524665;
119030837: Polvoreira;96825;
119030838: Ponte;1401896;
119030842: Prazins (Santa Eufémia);103621;
119030840: Ronfe;610311;
119030858: Sande (São Martinho);232171;
119030865: São Torcato;606852;
119030850: Selho (São Cristóvão);119798;
119030854: Selho (São Jorge);305241;
119030866: Serzedelo;321292;
119030868: Silvares;254362;
119030875: União das freguesias de Abação e Gémeos;143181;
119030876: União das freguesias de Airão Santa Maria, Airão São João e Vermil;512749;
119030877: União das freguesias de Arosa e Castelões;137802;
119030878: União das freguesias de Atães e Rendufe;379528;
119030879: União das freguesias de Briteiros Santo Estêvão e Donim;204130;
119030880: União das freguesias de Briteiros São Salvador e Briteiros Santa Leocádia;578460;
119030881: União das freguesias de Candoso São Tiago e Mascotelos;653676;
119030882: União das freguesias de Conde e Gandarela;197401;
119030883: União das freguesias de Leitões, Oleiros e Figueiredo;536421;
119030884: União das freguesias de Oliveira, São Paio e São Sebastião;75211;
119030885: União das freguesias de Prazins Santo Tirso e Corvite;732321;
119030886: União das freguesias de Sande São Lourenço e Balazar;1184056;
119030887: União das freguesias de Sande Vila Nova e Sande São Clemente;357019;
119030888: União das freguesias de Selho São Lourenço e Gominhães;176854;
119030889: União das freguesias de Serzedo e Calvos;148278;
119030890: União das freguesias de Souto Santa Maria, Souto São Salvador e Gondomar;1125881;
119030891: União das freguesias de Tabuadelo e São Faustino;153942;
119030871: Urgezes;288909;
1191705: Mondim de Basto;3095413;
119170501: Atei;925556;
119170502: Bilhó;545915;
119170505: São Cristóvão de Mondim de Basto;496409;
119170509: União das freguesias de Campanhó e Paradança;206169;
119170510: União das freguesias de Ermelo e Pardelhas;527545;
119170508: Vilar de Ferreiros;393818;
1190309: Póvoa de Lanhoso;5172124;
119030906: Covelas;100391;
119030908: Ferreiros;292488;
119030912: Galegos;12646;
119030913: Garfe;100665;
119030914: Geraz do Minho;488990;
119030915: Lanhoso;118877;
119030917: Monsul;197813;
119030919: Póvoa de Lanhoso (Nossa Senhora do Amparo);159767;
119030921: Rendufinho;176875;
119030922: Santo Emilião;855162;
119030923: São João de Rei;194561;
119030924: Serzedelo;187786;
119030925: Sobradelo da Goma;206395;
119030926: Taíde;80082;
119030927: Travassos;138325;
119030930: União das freguesias de Águas Santas e Moure;322492;
119030931: União das freguesias de Calvos e Frades;181873;
119030932: União das freguesias de Campos e Louredo;568405;
119030933: União das freguesias de Esperança e Brunhais;90794;
119030934: União das freguesias de Fonte Arcada e Oliveira;261104;
119030935: União das freguesias de Verim, Friande e Ajude;260427;
119030929: Vilela;176206;
1190311: Vieira do Minho;3295891;
119031105: Cantelães;205634;
119031107: Eira Vedra;127515;
119031108: Guilhofrei;190015;
119031109: Louredo;122348;
119031110: Mosteiro;148078;
119031111: Parada de Bouro;79394;
119031112: Pinheiro;140179;
119031113: Rossas;666637;
119031115: Salamonde;101583;
119031118: Tabuaças;162931;
119031122: União das freguesias de Anissó e Soutelo;168105;
119031123: União das freguesias de Anjos e Vilar do Chão;353050;
119031124: União das freguesias de Caniçada e Soengas;73584;
119031125: União das freguesias de Ruivães e Campos;548626;
119031126: União das freguesias de Ventosa e Cova;99758;
119031120: Vieira do Minho;108454;
1190312: Vila Nova de Famalicão;34462741;
119031204: Bairro;252108;
119031206: Brufe;276219;
119031210: Castelões;628173;
119031212: Cruz;1002555;
119031213: Delães;303678;
119031215: Fradelos;7583239;
119031216: Gavião;259465;
119031219: Joane;378497;
119031221: Landim;730746;
119031223: Louro;1889411;
119031224: Lousado;200286;
119031225: Mogege;145746;
119031227: Nine;981876;
119031239: Oliveira (Santa Maria);175440;
119031242: Oliveira (São Mateus);14913;
119031230: Pedome;128290;
119031232: Pousada de Saramagos;8277;
119031233: Requião;706567;
119031234: Riba de Ave;81880;
119031235: Ribeirão;1215259;
119031250: União das freguesias de Antas e Abade de Vermoim;973617;
119031251: União das freguesias de Arnoso (Santa Maria e Santa Eulália) e Sezures;917439;
119031252: União das freguesias de Avidos e Lagoa;884075;
119031253: União das freguesias de Carreira e Bente;619542;
119031254: União das freguesias de Esmeriz e Cabeçudos;867282;
119031255: União das freguesias de Gondifelos, Cavalões e Outiz;4779361;
119031256: União das freguesias de Lemenhe, Mouquim e Jesufrei;2301691;
119031257: União das freguesias de Ruivães e Novais;921758;
119031258: União das freguesias de Seide;266085;
119031259: União das freguesias de Vale (São Cosme), Telhado e Portela;1370232;
119031260: União das freguesias de Vila Nova de Famalicão e Calendário;207424;
119031241: Vale (São Martinho);794632;
119031247: Vermoim;244468;
119031249: Vilarinho das Cambas;2352509;
1190314: Vizela;1082012;
119031404: Infias;47270;
119031401: Santa Eulália;239430;
119031408: União das freguesias de Caldas de Vizela (São Miguel e São João);268726;
119031409: União das freguesias de Tagilde e Vizela (São Paio);375059;
119031406: Vizela (Santo Adrião);151526;
11A: Área Metropolitana do Porto;193347457;
11A0104: Arouca;9044279;
11A010402: Alvarenga;556494;
11A010407: Chave;975613;
11A010409: Escariz;1838608;
11A010411: Fermedo;755996;
11A010413: Mansores;996167;
11A010414: Moldes;403636;
11A010415: Rossas;466171;
11A010416: Santa Eulália;651026;
11A010417: São Miguel do Mato;192022;
11A010418: Tropeço;506033;
11A010421: União das freguesias de Arouca e Burgo;451624;
11A010422: União das freguesias de Cabreiros e Albergaria da Serra;292451;
11A010423: União das freguesias de Canelas e Espiunca;220060;
11A010424: União das freguesias de Covelo de Paivó e Janarde;217913;
11A010419: Urrô;258479;
11A010420: Várzea;261986;
11A0107: Espinho;448403;
11A010702: Espinho;8579;
11A010704: Paramos;362839;
11A010705: Silvalde;53738;
11A010706: União das freguesias de Anta e Guetim;23247;
11A1304: Gondomar;4057545;
11A130412: Baguim do Monte (Rio Tinto);194337;
11A130405: Lomba;56507;
11A130408: Rio Tinto;638219;
11A130413: União das freguesias de Fânzeres e São Pedro da Cova;899790;
11A130414: União das freguesias de Foz do Sousa e Covelo;316015;
11A130415: União das freguesias de Gondomar (São Cosme), Valbom e Jovim;1696586;
11A130416: União das freguesias de Melres e Medas;256089;
11A1306: Maia;11876134;
11A130601: Águas Santas;951912;
11A130618: Castêlo da Maia;4191823;
11A130619: Cidade da Maia;245165;
11A130603: Folgosa;1634821;
11A130608: Milheirós;138555;
11A130609: Moreira;1502726;
11A130620: Nogueira e Silva Escura;1278005;
11A130617: Pedrouços;47356;
11A130613: São Pedro Fins;1036782;
11A130616: Vila Nova da Telha;848989;
11A1308: Matosinhos;8272192;
11A130811: União das freguesias de Custóias, Leça do Balio e Guifões;2517925;
11A130812: União das freguesias de Matosinhos e Leça da Palmeira;112938;
11A130813: União das freguesias de Perafita, Lavra e Santa Cruz do Bispo;5201129;
11A130814: União das freguesias de São Mamede de Infesta e Senhora da Hora;440200;
11A0113: Oliveira de Azeméis;12944332;
11A011301: Carregosa;454939;
11A011302: Cesar;45012;
11A011303: Fajões;921179;
11A011304: Loureiro;4489105;
11A011305: Macieira de Sarnes;106757;
11A011310: Ossela;242004;
11A011315: São Martinho da Gândara;3500036;
11A011318: São Roque;308070;
11A011320: União das freguesias de Nogueira do Cravo e Pindelo;95039;
11A011321: União das freguesias de Oliveira de Azeméis, Santiago de Riba-Ul, Ul, Macinhata da Seixa e Madail;1699971;
11A011322: União das freguesias de Pinheiro da Bemposta, Travanca e Palmaz;332439;
11A011319: Vila de Cucujães;749780;
11A1310: Paredes;5933348;
11A131001: Aguiar de Sousa;161469;
11A131002: Astromil;137092;
11A131003: Baltar;330024;
11A131004: Beire;479555;
11A131008: Cete;169780;
11A131009: Cristelo;117524;
11A131010: Duas Igrejas;150526;
11A131011: Gandra;242422;
11A131013: Lordelo;136401;
11A131014: Louredo;122273;
11A131017: Parada de Todeia;272212;
11A131025: Paredes;1917337;
11A131018: Rebordosa;319374;
11A131019: Recarei;209465;
11A131020: Sobreira;567890;
11A131021: Sobrosa;178430;
11A131022: Vandoma;154457;
11A131024: Vilela;267119;
11A1312: Porto;154139;
11A131202: Bonfim;2600;
11A131203: Campanhã;68906;
11A131210: Paranhos;32531;
11A131211: Ramalde;42926;
11A131216: União das freguesias de Aldoar, Foz do Douro e Nevogilde;- -;
11A131217: União das freguesias de Cedofeita, Santo Ildefonso, Sé, Miragaia, São Nicolau e Vitória;- -;
11A131218: União das freguesias de Lordelo do Ouro e Massarelos;7176;
11A1313: Póvoa de Varzim;39362386;
11A131305: Balazar;9220053;
11A131307: Estela;5902776;
11A131308: Laundos;3663371;
11A131311: Rates;9766484;
11A131315: União das freguesias da Póvoa de Varzim, Beiriz e Argivai;2227623;
11A131314: União das freguesias de Aguçadoura e Navais;3213810;
11A131313: União das freguesias de Aver-o-Mar, Amorim e Terroso;5368268;
11A0109: Santa Maria da Feira;4874135;
11A010901: Argoncilhe;148393;
11A010902: Arrifana;178911;
11A010904: Escapães;31687;
11A010907: Fiães;41587;
11A010908: Fornos;35200;
11A010913: Lourosa;34903;
11A010914: Milheirós de Poiares;80117;
11A010916: Mozelos;414534;
11A010917: Nogueira da Regedoura;13117;
11A010919: Paços de Brandão;8506;
11A010921: Rio Meão;26291;
11A010922: Romariz;457377;
11A010924: Sanguedo;29011;
11A010925: Santa Maria de Lamas;7198;
11A010926: São João de Ver;63961;
11A010918: São Paio de Oleiros;4319;
11A010932: União das freguesias de Caldas de São Jorge e Pigeiros;198756;
11A010933: União das freguesias de Canedo, Vale e Vila Maior;1156237;
11A010934: União das freguesias de Lobão, Gião, Louredo e Guisande;806704;
11A010935: União das freguesias de Santa Maria da Feira, Travanca, Sanfins e Espargo;646223;
11A010936: União de freguesias de São Miguel de Souto e Mosteirô;491103;
11A1314: Santo Tirso;8498290;
11A131401: Agrela;479132;
11A131402: Água Longa;818470;
11A131405: Aves;191876;
11A131413: Monte Córdova;670108;
11A131430: Negrelos (São Tomé);170613;
11A131416: Rebordões;232271;
11A131418: Reguenga;876686;
11A131419: Roriz;389008;
11A131433: União das freguesias de Areias, Sequeiró, Lama e Palmeira;971411;
11A131434: União das freguesias de Campo (São Martinho), São Salvador do Campo e Negrelos (São Mamede);498333;
11A131435: União das freguesias de Carreira e Refojos de Riba de Ave;896136;
11A131436: União das freguesias de Lamelas e Guimarei;667966;
11A131437: União das freguesias de Santo Tirso, Couto (Santa Cristina e São Miguel) e Burgães;1510981;
11A131432: Vilarinho;125298;
11A0116: São João da Madeira;56461;
11A011601: São João da Madeira;56461;
11A1318: Trofa;14006872;
11A131806: Covelas;2013464;
11A131808: Muro;432730;
11A131809: União das freguesias de Alvarelhos e Guidões;1428212;
11A131810: União das freguesias de Bougado (São Martinho e Santiago);5479946;
11A131811: União das freguesias de Coronado (São Romão e São Mamede);4652521;
11A0119: Vale de Cambra;3452440;
11A011901: Arões;1038564;
11A011903: Cepelos;219965;
11A011905: Junqueira;685805;
11A011906: Macieira de Cambra;501288;
11A011907: Roge;245696;
11A011902: São Pedro de Castelões;361669;
11A011910: União das freguesias de Vila Chã, Codal e Vila Cova de Perrinho;399453;
11A1315: Valongo;4873211;
11A131501: Alfena;2698621;
11A131503: Ermesinde;472175;
11A131506: União das freguesias de Campo e Sobrado;1454307;
11A131505: Valongo;248108;
11A1316: Vila do Conde;62078696;
11A131602: Árvore;2129925;
11A131603: Aveleda;612386;
11A131604: Azurara;195794;
11A131607: Fajozes;3149570;
11A131610: Gião;1477043;
11A131611: Guilhabreu;2856822;
11A131612: Junqueira;4776439;
11A131613: Labruge;3086876;
11A131614: Macieira da Maia;1484471;
11A131616: Mindelo;2580535;
11A131617: Modivas;1256998;
11A131631: União das freguesias de Bagunte, Ferreiró, Outeiro Maior e Parada;9850410;
11A131632: União das freguesias de Fornelo e Vairão;3452480;
11A131633: União das freguesias de Malta e Canidelo;1531616;
11A131634: União das freguesias de Retorta e Tougues;2561116;
11A131635: União das freguesias de Rio Mau e Arcos;11539436;
11A131636: União das freguesias de Touguinha e Touguinhó;3915604;
11A131637: União das freguesias de Vilar e Mosteiró;2654979;
11A131627: Vila Chã;1366659;
11A131628: Vila do Conde;766453;
11A131630: Vilar de Pinheiro;833083;
11A1317: Vila Nova de Gaia;3414593;
11A131701: Arcozelo;318346;
11A131702: Avintes;44036;
11A131703: Canelas;19018;
11A131704: Canidelo;165351;
11A131709: Madalena;41066;
11A131712: Oliveira do Douro;97251;
11A131717: São Félix da Marinha;315039;
11A131725: União das freguesias de Grijó e Sermonde;141187;
11A131726: União das freguesias de Gulpilhares e Valadares;675429;
11A131727: União das freguesias de Mafamude e Vilar do Paraíso;91212;
11A131728: União das freguesias de Pedroso e Seixezelo;352017;
11A131729: União das freguesias de Sandim, Olival, Lever e Crestuma;804760;
11A131730: União das freguesias de Santa Marinha e São Pedro da Afurada;36014;
11A131731: União das freguesias de Serzedo e Perosinho;285125;
11A131723: Vilar de Andorinho;28741;
11B: Alto Tâmega;79208748;
11B1702: Boticas;6805727;
11B170217: Alturas do Barroso e Cerdedo;1517327;
11B170218: Ardãos e Bobadela;664248;
11B170203: Beça;1115868;
11B170219: Boticas e Granja;388618;
11B170220: Codessoso, Curros e Fiães do Tâmega;487808;
11B170208: Covas do Barroso;429575;
11B170210: Dornelas;774300;
11B170213: Pinho;273111;
11B170215: Sapiãos;449384;
11B170221: Vilar e Viveiro;705489;
11B1703: Chaves;23817080;
11B170301: Águas Frias;1323539;
11B170302: Anelhe;479944;
11B170305: Bustelo;229153;
11B170309: Cimo de Vila da Castanheira;1053482;
11B170310: Curalha;330112;
11B170312: Ervededo;743487;
11B170313: Faiões;415653;
11B170314: Lama de Arcos;542604;
11B170316: Mairos;1451441;
11B170317: Moreiras;306995;
11B170318: Nogueira da Montanha;1455632;
11B170320: Oura;946410;
11B170321: Outeiro Seco;238483;
11B170322: Paradela;520389;
11B170353: Planalto de Monforte (União das freguesias de Oucidres e Bobadela);952991;
11B170324: Redondelo;931937;
11B170327: Sanfins;293856;
11B170329: Santa Leocádia;602350;
11B170350: Santa Maria Maior;40500;
11B170330: Santo António de Monforte;294377;
11B170331: Santo Estêvão;398106;
11B170333: São Pedro de Agostém;1209850;
11B170334: São Vicente;734619;
11B170340: Tronco;270329;
11B170354: União das freguesias da Madalena e Samaiões;1346788;
11B170355: União das freguesias das Eiras, São Julião de Montenegro e Cela;967144;
11B170356: União das freguesias de Calvão e Soutelinho da Raia;781605;
11B170357: União das freguesias de Loivos e Póvoa de Agrações;511056;
11B170358: União das freguesias de Santa Cruz/Trindade e Sanjurge;184477;
11B170359: União das freguesias de Soutelo e Seara Velha;298010;
11B170360: União das freguesias de Travancas e Roriz;953470;
11B170341: Vale de Anta;319829;
11B170361: Vidago (União das freguesias de Vidago, Arcossó, Selhariz e Vilarinho das Paranheiras);961250;
11B170343: Vila Verde da Raia;471117;
11B170344: Vilar de Nantes;146505;
11B170345: Vilarelho da Raia;447683;
11B170347: Vilas Boas;145126;
11B170349: Vilela do Tâmega;248358;
11B170348: Vilela Seca;268424;
11B1706: Montalegre;16549938;
11B170601: Cabril;1149508;
11B170603: Cervos;584708;
11B170604: Chã;1528830;
11B170607: Covelo do Gerês;192755;
11B170609: Ferral;333703;
11B170612: Gralhas;300096;
11B170616: Morgade;680478;
11B170618: Negrões;515554;
11B170619: Outeiro;647491;
11B170623: Pitões das Junias;574665;
11B170625: Reigoso;327234;
11B170626: Salto;1742255;
11B170627: Santo André;378440;
11B170629: Sarraquinhos;870156;
11B170631: Solveira;195424;
11B170632: Tourém;355447;
11B170636: União das freguesias de Cambeses do Rio, Donões e Mourilhe;858170;
11B170637: União das freguesias de Meixedo e Padornelos;832041;
11B170638: União das freguesias de Montalegre e Padroso;677387;
11B170639: União das freguesias de Paradela, Contim e Fiães;572768;
11B170640: União das freguesias de Sezelhe e Covelães;504799;
11B170641: União das freguesias de Venda Nova e Pondras;345191;
11B170642: União das freguesias de Viade de Baixo e Fervidelas;1512896;
11B170643: União das freguesias de Vilar de Perdizes e Meixide;531801;
11B170635: Vila da Ponte;338142;
11B1709: Ribeira de Pena;4402714;
11B170901: Alvadia;623946;
11B170902: Canedo;301353;
11B170906: Santa Marinha;170215;
11B170908: União das freguesias de Cerva e Limões;2045636;
11B170909: União das freguesias de Ribeira de Pena (Salvador) e Santo Aleixo de Além-Tâmega;1261563;
11B1712: Valpaços;16599557;
11B171201: Água Revés e Crasto;814282;
11B171203: Algeriz;881506;
11B171205: Bouçoães;418312;
11B171206: Canaveses;402496;
11B171232: Carrazedo de Montenegro e Curros;1544437;
11B171209: Ervões;940066;
11B171211: Fornos do Pinhal;362664;
11B171212: Friões;1026759;
11B171233: Lebução, Fiães e Nozelos;623946;
11B171215: Padrela e Tazem;859222;
11B171216: Possacos;369575;
11B171217: Rio Torto;836218;
11B171219: Santa Maria de Emeres;547487;
11B171220: Santa Valha;698015;
11B171221: Santiago da Ribeira de Alhariz;627918;
11B171222: São João da Corveira;725707;
11B171223: São Pedro de Veiga de Lila;495166;
11B171224: Serapicos;566334;
11B171234: Sonim e Barreiros;344504;
11B171235: Tinhela e Alvarelhos;697182;
11B171227: Vales;523928;
11B171236: Valpaços e Sanfins;1022554;
11B171229: Vassal;581763;
11B171230: Veiga de Lila;304781;
11B171231: Vilarandelo;384736;
11B1713: Vila Pouca de Aguiar;11033732;
11B171302: Alfarela de Jales;326295;
11B171319: Alvão;2607907;
11B171303: Bornes de Aguiar;1334223;
11B171304: Bragado;324416;
11B171305: Capeludos;280903;
11B171317: Sabroso de Aguiar;77862;
11B171310: Soutelo de Aguiar;944868;
11B171311: Telões;1661351;
11B171312: Tresminas;670414;
11B171320: União das freguesias de Pensalvos e Parada de Monteiros;522053;
11B171313: Valoura;203337;
11B171314: Vila Pouca de Aguiar;923180;
11B171315: Vreia de Bornes;401687;
11B171316: Vreia de Jales;755236;
11C: Tâmega e Sousa;67150543;
11C1301: Amarante;9710393;
11C130103: Ansiães;133235;
11C130107: Candemil;163564;
11C130112: Fregim;335170;
11C130115: Fridão;218634;
11C130117: Gondar;293320;
11C130134: Gouveia (São Simão);299196;
11C130118: Jazente;86483;
11C130119: Lomba;152530;
11C130120: Louredo;102790;
11C130121: Lufrei;236665;
11C130123: Mancelos;804717;
11C130126: Padronelo;107695;
11C130128: Rebordelo;96477;
11C130129: Salvador do Monte;384161;
11C130135: Telões;969108;
11C130136: Travanca;512637;
11C130141: União das freguesias de Aboadela, Sanche e Várzea;565909;
11C130142: União das freguesias de Amarante (São Gonçalo), Madalena, Cepelos e Gatão;867774;
11C130143: União das freguesias de Bustelo, Carneiro e Carvalho de Rei;370816;
11C130144: União das freguesias de Figueiró (Santiago e Santa Cristina);480044;
11C130145: União das freguesias de Freixo de Cima e de Baixo;511255;
11C130146: União das freguesias de Olo e Canadelo;242152;
11C130148: União das freguesias de Vila Garcia, Aboim e Chapa;807678;
11C130138: Vila Caiz;221795;
11C130139: Vila Chã do Marão;230009;
11C130147: Vila Meã;516578;
11C1302: Baião;5247784;
11C130204: Frende;59742;
11C130205: Gestaçô;543398;
11C130206: Gove;360808;
11C130207: Grilo;163241;
11C130208: Loivos do Monte;130766;
11C130215: Santa Marinha do Zêzere;700695;
11C130221: União das freguesias de Ancede e Ribadouro;234012;
11C130222: União das freguesias de Baião (Santa Leocádia) e Mesquinhata;438497;
11C130223: União das freguesias de Campelo e Ovil;802603;
11C130224: União das freguesias de Loivos da Ribeira e Tresouras;406607;
11C130225: União das freguesias de Santa Cruz do Douro e São Tomé de Covelas;464223;
11C130226: União das freguesias de Teixeira e Teixeiró;524675;
11C130219: Valadares;292251;
11C130220: Viariz;126266;
11C0106: Castelo de Paiva;2758427;
11C010602: Fornos;251338;
11C010606: Real;577539;
11C010607: Santa Maria de Sardoura;424905;
11C010608: São Martinho de Sardoura;249395;
11C010610: União das freguesias de Raiva, Pedorido e Paraíso;760144;
11C010611: União das freguesias de Sobrado e Bairros;495105;
11C0305: Celorico de Basto;6778667;
11C030501: Agilde;426832;
11C030502: Arnóia;672662;
11C030520: Basto (São Clemente);139871;
11C030503: Borba de Montanha;752830;
11C030508: Codeçoso;350115;
11C030510: Fervença;588754;
11C030515: Moreira do Castelo;231942;
11C030517: Rego;344221;
11C030518: Ribas;341328;
11C030523: União das freguesias de Britelo, Gémeos e Ourilhe;757569;
11C030524: União das freguesias de Caçarilhe e Infesta;301531;
11C030525: União das freguesias de Canedo de Basto e Corgo;466145;
11C030526: União das freguesias de Carvalho e Basto (Santa Tecla);330564;
11C030527: União das freguesias de Veade, Gagos e Molares;828153;
11C030521: Vale de Bouro;246148;
11C1804: Cinfães;4159223;
11C180403: Cinfães;468008;
11C180404: Espadanedo;142453;
11C180405: Ferreiros de Tendais;213966;
11C180406: Fornelos;202850;
11C180408: Moimenta;83027;
11C180409: Nespereira;760741;
11C180410: Oliveira do Douro;397780;
11C180412: Santiago de Piães;302592;
11C180413: São Cristóvão de Nogueira;372228;
11C180414: Souselo;230497;
11C180415: Tarouquela;133849;
11C180416: Tendais;403557;
11C180417: Travanca;176925;
11C180418: União das freguesias de Alhões, Bustelo, Gralheira e Ramires;270749;
11C1303: Felgueiras;9678076;
11C130301: Aião;198332;
11C130302: Airães;391792;
11C130305: Friande;321671;
11C130306: Idães;1078998;
11C130307: Jugueiros;317756;
11C130313: Penacova;82129;
11C130314: Pinheiro;133344;
11C130315: Pombeiro de Ribavizela;314163;
11C130317: Refontoura;317904;
11C130318: Regilde;137191;
11C130319: Revinhade;34854;
11C130324: Sendim;499478;
11C130334: União das freguesias de Macieira da Lixa e Caramos;602942;
11C130335: União das freguesias de Margaride (Santa Eulália), Várzea, Lagares, Varziela e Moure;2002584;
11C130336: União das freguesias de Pedreira, Rande e Sernande;565214;
11C130337: União das freguesias de Torrados e Sousa;411679;
11C130338: União das freguesias de Unhão e Lordelo;501790;
11C130339: União das freguesias de Vila Cova da Lixa e Borba de Godim;1004441;
11C130340: União das freguesias de Vila Fria e Vizela (São Jorge);434146;
11C130341: União das freguesias de Vila Verde e Santão;327669;
11C1305: Lousada;6271330;
11C130502: Aveleda;317677;
11C130504: Caíde de Rei;634787;
11C130510: Lodares;596664;
11C130512: Macieira;137529;
11C130513: Meinedo;371964;
11C130515: Nevogilde;378876;
11C130524: Sousela;138972;
11C130525: Torno;450587;
11C130527: União das freguesias de Cernadelo e Lousada (São Miguel e Santa Margarida);604012;
11C130528: União das freguesias de Cristelos, Boim e Ordem;609618;
11C130529: União das freguesias de Figueiras e Covas;188467;
11C130530: União das freguesias de Lustosa e Barrosas (Santo Estêvão);285722;
11C130531: União das freguesias de Nespereira e Casais;385364;
11C130532: União das freguesias de Silvares, Pias, Nogueira e Alvarenga;948452;
11C130526: Vilar do Torno e Alentém;222639;
11C1307: Marco de Canaveses;5364857;
11C130732: Alpendorada, Várzea e Torrão;305371;
11C130733: Avessadas e Rosém;442686;
11C130704: Banho e Carvalhosa;201145;
11C130734: Bem Viver;259621;
11C130705: Constance;183698;
11C130736: Marco;476804;
11C130737: Paredes de Viadores e Manhuncelos;259916;
11C130738: Penha Longa e Paços de Gaiolo;333697;
11C130739: Sande e São Lourenço do Douro;299113;
11C130735: Santo Isidoro e Livração;131848;
11C130722: Soalhães;430085;
11C130723: Sobretâmega;73643;
11C130724: Tabuado;183859;
11C130740: Várzea, Aliviada e Folhada;605228;
11C130741: Vila Boa de Quires e Maureles;862941;
11C130730: Vila Boa do Bispo;315202;
11C1309: Paços de Ferreira;3521671;
11C130902: Carvalhosa;536605;
11C130904: Eiriz;393380;
11C130905: Ferreira;278193;
11C130906: Figueiró;254065;
11C130917: Frazão Arreigada;308199;
11C130908: Freamunde;124624;
11C130910: Meixomil;260271;
11C130918: Paços de Ferreira;165432;
11C130913: Penamaior;353941;
11C130914: Raimonda;160583;
11C130919: Sanfins Lamoso Codessos;563863;
11C130916: Seroa;122515;
11C1311: Penafiel;8709736;
11C131101: Abragão;297475;
11C131102: Boelhe;503710;
11C131103: Bustelo;365065;
11C131104: Cabeça Santa;97858;
11C131105: Canelas;138642;
11C131106: Capela;106589;
11C131107: Castelões;274144;
11C131108: Croca;176346;
11C131109: Duas Igrejas;355291;
11C131110: Eja;406777;
11C131112: Fonte Arcada;168838;
11C131113: Galegos;212339;
11C131141: Guilhufe e Urrô;185518;
11C131115: Irivo;221658;
11C131142: Lagares e Figueira;392367;
11C131140: Luzim e Vila Cova;213217;
11C131121: Oldrões;141290;
11C131122: Paço de Sousa;859099;
11C131139: Penafiel;1579647;
11C131125: Perozelo;165468;
11C131128: Rans;563300;
11C131132: Recezinhos (São Mamede);155045;
11C131133: Recezinhos (São Martinho);265583;
11C131129: Rio de Moinhos;290950;
11C131138: Rio Mau;20804;
11C131134: Sebolido;2782;
11C131143: Termas de São Vicente;355464;
11C131136: Valpedre;194470;
11C1813: Resende;4950379;
11C181302: Barrô;550588;
11C181303: Cárquere;236398;
11C181310: Paus;314189;
11C181311: Resende;970158;
11C181312: São Cipriano;172118;
11C181313: São João de Fontoura;414358;
11C181314: São Martinho de Mouros;1082745;
11C181316: União das freguesias de Anreade e São Romão de Aregos;645628;
11C181317: União das freguesias de Felgueiras e Feirão;171586;
11C181318: União das freguesias de Freigil e Miomães;212579;
11C181319: União das freguesias de Ovadas e Panchorra;180032;
11D: Douro;172295568;
11D1701: Alijó;16125460;
11D170101: Alijó;1717618;
11D170107: Favaios;2553989;
11D170108: Pegarinhos;534836;
11D170109: Pinhão;576247;
11D170112: Sanfins do Douro;1875380;
11D170113: Santa Eugénia;461589;
11D170114: São Mamede de Ribatua;1083423;
11D170120: União das freguesias de Carlão e Amieiro;1003872;
11D170121: União das freguesias de Castedo e Cotas;2623281;
11D170122: União das freguesias de Pópulo e Ribalonga;228807;
11D170123: União das freguesias de Vale de Mendiz, Casal de Loivos e Vilarinho de Cotas;1143290;
11D170116: Vila Chã;227041;
11D170117: Vila Verde;450663;
11D170118: Vilar de Maçada;1645423;
11D1801: Armamar;8670198;
11D180101: Aldeias;419497;
11D180120: Armamar;1190256;
11D180104: Cimbres;374731;
11D180106: Folgosa;866660;
11D180107: Fontelo;748808;
11D180109: Queimada;478736;
11D180110: Queimadela;259687;
11D180111: Santa Cruz;507775;
11D180114: São Cosmado;629267;
11D180115: São Martinho das Chãs;655099;
11D180121: União das freguesias de Aricera e Goujoim;255556;
11D180122: União das freguesias de São Romão e Santiago;646275;
11D180123: União das freguesias de Vila Seca e Santo Adrião;1033342;
11D180118: Vacalar;604507;
11D0403: Carrazeda de Ansiães;9515302;
11D040304: Carrazeda de Ansiães;398418;
11D040306: Fonte Longa;379666;
11D040308: Linhares;711422;
11D040309: Marzagão;604766;
11D040311: Parambos;301844;
11D040312: Pereiros;232436;
11D040313: Pinhal do Norte;653106;
11D040314: Pombal;634316;
11D040316: Seixo de Ansiães;1192248;
11D040320: União das freguesias de Amedo e Zedes;587038;
11D040321: União das freguesias de Belver e Mogo de Malta;282710;
11D040322: União das freguesias de Castanheiro do Norte e Ribalonga;1317643;
11D040323: União das freguesias de Lavandeira, Beira Grande e Selores;1586159;
11D040318: Vilarinho da Castanheira;633529;
11D0404: Freixo de Espada à Cinta;5964758;
11D040404: Ligares;899700;
11D040406: Poiares;1070496;
11D040407: União das freguesias de Freixo de Espada à Cinta e Mazouco;3130349;
11D040408: União das freguesias de Lagoaça e Fornos;864213;
11D1805: Lamego;9613920;
11D180502: Avões;92954;
11D180504: Britiande;766359;
11D180505: Cambres;2097576;
11D180507: Ferreirim;370880;
11D180508: Ferreiros de Avões;159757;
11D180509: Figueira;397156;
11D180510: Lalim;199958;
11D180525: Lamego (Almacave e Sé);1325196;
11D180511: Lazarim;102775;
11D180516: Penajóia;1004356;
11D180517: Penude;89805;
11D180519: Samodães;342023;
11D180520: Sande;457475;
11D180526: União das freguesias de Bigorne, Magueija e Pretarouca;210687;
11D180527: União das freguesias de Cepões, Meijinhos e Melcões;605864;
11D180528: União das freguesias de Parada do Bispo e Valdigem;996706;
11D180523: Várzea de Abrunhais;329391;
11D180524: Vila Nova de Souto d'El-Rei;65000;
11D1704: Mesão Frio;2747241;
11D170401: Barqueiros;299541;
11D170402: Cidadelhe;370589;
11D170408: Mesão Frio (Santo André);748091;
11D170403: Oliveira;454320;
11D170407: Vila Marim;874699;
11D1807: Moimenta da Beira;8733278;
11D180702: Alvite;2291512;
11D180703: Arcozelos;358858;
11D180705: Baldos;78735;
11D180706: Cabaços;169765;
11D180707: Caria;876663;
11D180708: Castelo;91964;
11D180709: Leomil;1547427;
11D180710: Moimenta da Beira;603897;
11D180713: Passô;462896;
11D180716: Vila da Rua;680644;
11D180717: Sarzedo;139237;
11D180719: Sever;386186;
11D180721: União das freguesias de Paradinha e Nagosa;103902;
11D180722: União das freguesias de Pêra Velha, Aldeia de Nacomba e Ariz;444386;
11D180723: União das freguesias de Peva e Segões;310987;
11D180720: Vilar;186218;
11D1707: Murça;6052888;
11D170701: Candedo;2647059;
11D170703: Fiolhoso;185007;
11D170704: Jou;735989;
11D170705: Murça;645411;
11D170710: União das freguesias de Carva e Vilares;232749;
11D170711: União das freguesias de Noura e Palheiros;1161612;
11D170708: Valongo de Milhais;445060;
11D1812: Penedono;3300543;
11D181202: Beselga;222938;
11D181203: Castainço;242073;
11D181207: Penela da Beira;619616;
11D181208: Póvoa de Penela;338108;
11D181209: Souto;381868;
11D181210: União das freguesias de Antas e Ourozinho;567933;
11D181211: União das freguesias de Penedono e Granja;928007;
11D1708: Peso da Régua;9653480;
11D170802: Fontelas;286343;
11D170805: Loureiro;469748;
11D170809: Sedielos;933651;
11D170813: União das freguesias de Galafura e Covelinhas;1554153;
11D170814: União das freguesias de Moura Morta e Vinhós;747658;
11D170815: União das freguesias de Peso da Régua e Godim;1454624;
11D170816: União das freguesias de Poiares e Canelas;3228744;
11D170810: Vilarinho dos Freires;978558;
11D1710: Sabrosa;8975294;
11D171001: Celeirós;789310;
11D171002: Covas do Douro;1347684;
11D171004: Gouvinhas;1071697;
11D171007: Paços;743690;
11D171005: Parada de Pinhão;130444;
11D171009: Sabrosa;593910;
11D171011: São Lourenço de Ribapinhão;108809;
11D171013: Souto Maior;165106;
11D171014: Torre do Pinhão;728728;
11D171016: União das freguesias de Provesende, Gouvães do Douro e São Cristóvão do Douro;1578915;
11D171017: União das freguesias de São Martinho de Antas e Paradela de Guiães;1129160;
11D171015: Vilarinho de São Romão;587840;
11D1711: Santa Marta de Penaguião;6945435;
11D171101: Alvações do Corgo;656704;
11D171102: Cumieira;1426699;
11D171103: Fontes;530246;
11D171106: Medrões;420112;
11D171110: Sever;953902;
11D171111: União das freguesias de Lobrigos (São Miguel e São João Baptista) e Sanhoane;2410084;
11D171112: União das freguesias de Louredo e Fornelos;547688;
11D1815: São João da Pesqueira;20962231;
11D181501: Castanheiro do Sul;1165171;
11D181502: Ervedosa do Douro;5517863;
11D181504: Nagozelo do Douro;1084963;
11D181505: Paredes da Beira;633458;
11D181507: Riodades;730306;
11D181509: Soutelo do Douro;2847853;
11D181515: União das freguesias de São João da Pesqueira e Várzea de Trevões;4480274;
11D181516: União das freguesias de Trevões e Espinhosa;1223604;
11D181517: União das freguesias de Vilarouco e Pereiros;1906999;
11D181511: Vale de Figueira;953478;
11D181512: Valongo dos Azeites;418263;
11D1818: Sernancelhe;6111064;
11D181801: Arnas;179106;
11D181802: Carregal;555812;
11D181803: Chosendo;147080;
11D181804: Cunha;319616;
11D181806: Faia;209474;
11D181810: Granjal;447876;
11D181811: Lamosa;247877;
11D181814: Quintela;1218390;
11D181818: União das freguesias de Ferreirim e Macieira;590009;
11D181819: União das freguesias de Fonte Arcada e Escurquela;487384;
11D181820: União das freguesias de Penso e Freixinho;258886;
11D181821: União das freguesias de Sernancelhe e Sarzeda;1188873;
11D181817: Vila da Ponte;260681;
11D1819: Tabuaço;6455494;
11D181901: Adorigo;1038702;
11D181902: Arcos;129823;
11D181904: Chavães;183919;
11D181905: Desejosa;458635;
11D181906: Granja do Tedo;80976;
11D181908: Longa;104118;
11D181913: Sendim;570568;
11D181914: Tabuaço;319517;
11D181918: União das freguesias de Barcos e Santa Leocádia;1106125;
11D181919: União das freguesias de Paradela e Granjinha;240933;
11D181920: União das freguesias de Pinheiros e Vale de Figueira;131511;
11D181921: União das freguesias de Távora e Pereiro;681743;
11D181917: Valença do Douro;1408924;
11D1820: Tarouca;3590541;
11D182004: Mondim da Beira;219820;
11D182005: Salzedas;442969;
11D182006: São João de Tarouca;649199;
11D182011: União das freguesias de Gouviães e Ucanha;501421;
11D182012: União das freguesias de Granja Nova e Vila Chã da Beira;703877;
11D182013: União das freguesias de Tarouca e Dálvares;927280;
11D182009: Várzea da Serra;145975;
11D0409: Torre de Moncorvo;10602675;
11D040901: Açoreira;628570;
11D040903: Cabeça Boa;620770;
11D040905: Carviçais;652851;
11D040906: Castedo;331687;
11D040909: Horta da Vilariça;994559;
11D040910: Larinho;533801;
11D040911: Lousa;994538;
11D040913: Mós;543955;
11D040916: Torre de Moncorvo;1300634;
11D040918: União das freguesias de Adeganha e Cardanha;1162089;
11D040919: União das freguesias de Felgar e Souto da Velha;955946;
11D040920: União das freguesias de Felgueiras e Maçores;587813;
11D040921: União das freguesias de Urros e Peredo dos Castelhanos;1295463;
11D0914: Vila Nova de Foz Côa;15527029;
11D091401: Almendra;1730999;
11D091402: Castelo Melhor;1106829;
11D091403: Cedovim;1409943;
11D091404: Chãs;870202;
11D091405: Custóias;407893;
11D091418: Freixo de Numão;1412872;
11D091407: Horta;958933;
11D091410: Muxagata;952438;
11D091411: Numão;1034519;
11D091412: Santa Comba;664970;
11D091414: Sebadelhe;693177;
11D091415: Seixas;661268;
11D091416: Touça;373697;
11D091419: Vila Nova de Foz Côa;3249289;
11D1714: Vila Real;12748739;
11D171401: Abaças;1458503;
11D171403: Andrães;555872;
11D171404: Arroios;59074;
11D171406: Campeã;1411552;
11D171409: Folhadela;833609;
11D171410: Guiães;1255736;
11D171414: Lordelo;226618;
11D171415: Mateus;187467;
11D171416: Mondrões;362778;
11D171420: Parada de Cunhos;148459;
11D171426: Torgueda;382173;
11D171431: União das freguesias de Adoufe e Vilarinho de Samardã;835472;
11D171432: União das freguesias de Borbela e Lamas de Olo;602169;
11D171433: União das freguesias de Constantim e Vale de Nogueiras;556881;
11D171434: União das freguesias de Mouçós e Lamares;574993;
11D171435: União das freguesias de Nogueira e Ermida;1409455;
11D171436: União das freguesias de Pena, Quintã e Vila Cova;860486;
11D171437: União das freguesias de São Tomé do Castelo e Justes;389738;
11D171429: Vila Marim;466720;
11D171438: Vila Real;170985;
11E: Terras de Trás-os-Montes;131200720;
11E0401: Alfândega da Fé;6051206;
11E040102: Alfândega da Fé;1053209;
11E040103: Cerejais;323486;
11E040111: Sambade;482877;
11E040121: União das freguesias de Agrobom, Saldonha e Vale Pereiro;597845;
11E040122: União das freguesias de Eucisia, Gouveia e Valverde;758563;
11E040123: União das freguesias de Ferradosa e Sendim da Serra;395533;
11E040124: União das freguesias de Gebelim e Soeima;460014;
11E040125: União das freguesias de Parada e Sendim da Ribeira;438332;
11E040126: União das freguesias de Pombal e Vales;246147;
11E040118: Vilar Chão;591471;
11E040119: Vilarelhos;432958;
11E040120: Vilares de Vilariça;270772;
11E0402: Bragança;20179701;
11E040201: Alfaião;290190;
11E040203: Babe;313989;
11E040204: Baçal;682019;
11E040206: Carragosa;412116;
11E040209: Castro de Avelãs;508083;
11E040210: Coelhoso;481837;
11E040212: Donai;460078;
11E040213: Espinhosela;616535;
11E040215: França;131129;
11E040216: Gimonde;262043;
11E040217: Gondesende;235233;
11E040218: Gostei;626083;
11E040219: Grijó de Parada;743978;
11E040221: Macedo do Mato;378057;
11E040224: Mós;278823;
11E040225: Nogueira;326009;
11E040226: Outeiro;451874;
11E040229: Parâmio;505017;
11E040230: Pinela;586852;
11E040232: Quintanilha;297770;
11E040233: Quintela de Lampaças;338955;
11E040234: Rabal;299345;
11E040236: Rebordãos;714392;
11E040239: Salsas;650132;
11E040240: Samil;453390;
11E040241: Santa Comba de Rossas;157420;
11E040244: São Pedro de Sarracenos;283298;
11E040246: Sendas;475633;
11E040247: Serapicos;591912;
11E040248: Sortes.;580857;
11E040250: União das freguesias de Aveleda e Rio de Onor;442375;
11E040251: União das freguesias de Castrelos e Carrazedo;511442;
11E040252: União das freguesias de Izeda, Calvelhe e Paradinha Nova;1354346;
11E040253: União das freguesias de Parada e Faílde;1250235;
11E040254: União das freguesias de Rebordainhos e Pombares;399070;
11E040255: União das freguesias de Rio Frio e Milhão;875355;
11E040256: União das freguesias de São Julião de Palácios e Deilão;888451;
11E040257: União das freguesias de Sé, Santa Maria e Meixedo;817663;
11E040249: Zoio;507714;
11E0405: Macedo de Cavaleiros;14750382;
11E040502: Amendoeira;483326;
11E040503: Arcas;323955;
11E040507: Carrapatas;205385;
11E040509: Chacim;800830;
11E040510: Cortiços;659413;
11E040511: Corujas;268644;
11E040514: Ferreira;292655;
11E040515: Grijó;204192;
11E040516: Lagoa;732882;
11E040517: Lamalonga;291305;
11E040518: Lamas;380734;
11E040519: Lombo;399619;
11E040520: Macedo de Cavaleiros;684860;
11E040521: Morais;738614;
11E040523: Olmos;725451;
11E040524: Peredo;281628;
11E040526: Salselas;824263;
11E040528: Sezulfe;350092;
11E040530: Talhas;633074;
11E040539: União das freguesias de Ala e Vilarinho do Monte;841102;
11E040540: União das freguesias de Bornes e Burga;435155;
11E040541: União das freguesias de Castelãos e Vilar do Monte;313509;
11E040542: União das freguesias de Espadanedo, Edroso, Murçós e Soutelo Mourisco;708262;
11E040543: União das freguesias de Podence e Santa Combinha;295812;
11E040544: União das freguesias de Talhinhas e Bagueixe;1058535;
11E040532: Vale Benfeito;322952;
11E040533: Vale da Porca;398514;
11E040534: Vale de Prados;179676;
11E040536: Vilarinho de Agrochão;309080;
11E040538: Vinhas;606864;
11E0406: Miranda do Douro;10869824;
11E040604: Duas Igrejas;1791390;
11E040605: Genísio;592139;
11E040607: Malhadas;765980;
11E040608: Miranda do Douro;625992;
11E040609: Palaçoulo;1183088;
11E040611: Picote;142715;
11E040612: Póvoa;587409;
11E040613: São Martinho de Angueira;317103;
11E040618: União das freguesias de Constantim e Cicouro;351632;
11E040619: União das freguesias de Ifanes e Paradela;920815;
11E040620: União das freguesias de Sendim e Atenor;1362788;
11E040621: União das freguesias de Silva e Águas Vivas;1125615;
11E040616: Vila Chã de Braciosa;1103157;
11E0407: Mirandela;14445668;
11E040701: Abambres;286936;
11E040702: Abreiro;301720;
11E040703: Aguieiras;213144;
11E040704: Alvites;432892;
11E040708: Bouça;253324;
11E040709: Cabanelas;593448;
11E040710: Caravelas;315454;
11E040711: Carvalhais;767169;
11E040712: Cedães;259289;
11E040713: Cobro;235035;
11E040714: Fradizela;388585;
11E040716: Frechas;693982;
11E040718: Lamas de Orelhão;743297;
11E040720: Mascarenhas;856707;
11E040721: Mirandela;635834;
11E040722: Múrias;359160;
11E040724: Paços;497315;
11E040727: São Pedro Velho;578867;
11E040728: São Salvador;246569;
11E040729: Suçães;752515;
11E040730: Torre de Dona Chama;758740;
11E040738: União das freguesias de Avantos e Romeu;622406;
11E040739: União das Freguesias de Avidagos, Navalho e Pereira;777847;
11E040740: União das freguesias de Barcel, Marmelos e Valverde da Gestosa;680375;
11E040741: União das freguesias de Franco e Vila Boa;358618;
11E040742: União das freguesias de Freixeda e Vila Verde;193279;
11E040731: Vale de Asnes;271321;
11E040732: Vale de Gouvinhas;462995;
11E040733: Vale de Salgueiro;538327;
11E040734: Vale de Telhas;370516;
11E0408: Mogadouro;22821725;
11E040801: Azinhoso;793151;
11E040802: Bemposta;531392;
11E040803: Bruçó;714600;
11E040804: Brunhoso;603561;
11E040807: Castelo Branco;825520;
11E040808: Castro Vicente;932451;
11E040809: Meirinhos;599799;
11E040811: Paradela;435909;
11E040812: Penas Roias;2031074;
11E040813: Peredo da Bemposta;538756;
11E040815: Saldanha;2176224;
11E040817: São Martinho do Peso;1414738;
11E040819: Tó;933587;
11E040820: Travanca;587946;
11E040829: União das freguesias de Brunhozinho, Castanheira e Sanhoane;2531821;
11E040830: União das freguesias de Mogadouro, Valverde, Vale de Porco e Vilar de Rei;3058329;
11E040831: União das freguesias de Remondes e Soutelo;692711;
11E040832: União das freguesias de Vilarinho dos Galegos e Ventozelo;1263068;
11E040821: Urrós;776347;
11E040822: Vale da Madre;397170;
11E040826: Vila de Ala;983570;
11E0410: Vila Flor;23114669;
11E041002: Benlhevai;15605681;
11E041005: Freixiel;1147465;
11E041009: Roios;328027;
11E041010: Samões;338389;
11E041011: Sampaio;289628;
11E041012: Santa Comba de Vilariça;593031;
11E041013: Seixo de Manhoses;241916;
11E041014: Trindade;251195;
11E041020: União das freguesias de Assares e Lodões;542946;
11E041021: União das freguesias de Candoso e Carvalho de Egas;235564;
11E041022: União das freguesias de Valtorno e Mourão;203892;
11E041023: União das freguesias de Vila Flor e Nabo;1992472;
11E041024: União das freguesias de Vilas Boas e Vilarinho das Azenhas;996927;
11E041015: Vale Frechoso;347536;
11E0411: Vimioso;7103766;
11E041103: Argozelo;429073;
11E041107: Carção;490573;
11E041108: Matela;559812;
11E041109: Pinelo;371172;
11E041110: Santulhão;863306;
11E041115: União das freguesias de Algoso, Campo de Víboras e Uva;1016383;
11E041116: União das freguesias de Caçarelhos e Angueira;1246503;
11E041117: União das freguesias de Vale de Frades e Avelanoso;946372;
11E041113: Vilar Seco;568708;
11E041114: Vimioso;611864;
11E0412: Vinhais;11863779;
11E041201: Agrochão;240661;
11E041203: Candedo;515252;
11E041204: Celas;549258;
11E041206: Edral;370951;
11E041207: Edrosa;439397;
11E041208: Ervedosa;360773;
11E041215: Paçó;451397;
11E041216: Penhas Juntas;489862;
11E041219: Rebordelo;724657;
11E041221: Santalha;416303;
11E041226: Tuizelo;810608;
11E041236: União das freguesias de Curopos e Vale de Janeiro;450767;
11E041237: União das freguesias de Moimenta e Montouto;505841;
11E041238: União das freguesias de Nunes e Ousilhão;386342;
11E041239: União das freguesias de Quirás e Pinheiro Novo;352913;
11E041240: União das freguesias de Sobreiro de Baixo e Alvaredos;587355;
11E041241: União das freguesias de Soeira, Fresulfe e Mofreita;679029;
11E041242: União das freguesias de Travanca e Santa Cruz;519505;
11E041243: União das freguesias de Vilar de Lomba e São Jomil;305554;
11E041227: Vale das Fontes;231199;
11E041229: Vila Boa de Ousilhão;137967;
11E041230: Vila Verde;172323;
11E041232: Vilar de Ossos;656406;
11E041233: Vilar de Peregrinos;406037;
11E041234: Vilar Seco de Lomba;309351;
11E041235: Vinhais;794071;
16: Centro;1378347407;
16B: Oeste;415603722;
16B1001: Alcobaça;60453988;
16B100102: Alfeizerão;7996583;
16B100120: Aljubarrota;2102276;
16B100104: Bárrio;1951229;
16B100105: Benedita;3078710;
16B100106: Cela;7857792;
16B100108: Évora de Alcobaça;14775130;
16B100109: Maiorga;1345514;
16B100112: São Martinho do Porto;1728545;
16B100114: Turquel;8399984;
16B100121: União das freguesias de Alcobaça e Vestiaria;3436811;
16B100122: União das freguesias de Coz, Alpedriz e Montes;2706363;
16B100123: União das freguesias de Pataias e Martingança;583383;
16B100116: Vimeiro;4491666;
16B1101: Alenquer;25360771;
16B110106: Carnota;998618;
16B110107: Meca;788103;
16B110108: Olhalvo;583168;
16B110109: Ota;2982617;
16B110117: União das freguesias de Abrigada e Cabanas de Torres;3085323;
16B110118: União das freguesias de Aldeia Galega da Merceana e Aldeia Gavinha;3106634;
16B110119: União das freguesias de Alenquer (Santo Estêvão e Triana);3403563;
16B110120: União das freguesias de Carregado e Cadafais;2828595;
16B110121: União das freguesias de Ribafria e Pereiro de Palhacana;1495746;
16B110113: Ventosa;4285054;
16B110114: Vila Verde dos Francos;1803350;
16B1102: Arruda dos Vinhos;6128339;
16B110201: Arranhó;2230842;
16B110202: Arruda dos Vinhos;2980346;
16B110203: Cardosas;336004;
16B110204: São Tiago dos Velhos;581147;
16B1005: Bombarral;44383472;
16B100502: Carvalhal;8199058;
16B100505: Pó;7255247;
16B100503: Roliça;21379396;
16B100506: União das freguesias do Bombarral e Vale Covo;7549771;
16B1104: Cadaval;33684696;
16B110401: Alguber;4880709;
16B110407: Peral;6596680;
16B110412: União das freguesias de Lamas e Cercal;5758081;
16B110413: União das freguesias de Painho e Figueiros;5565895;
16B110411: União das freguesias do Cadaval e Pêro Moniz;4179226;
16B110409: Vermelha;4965453;
16B110410: Vilar;1738651;
16B1006: Caldas da Rainha;44175567;
16B100601: A dos Francos;6207627;
16B100602: Alvorninha;6559412;
16B100604: Carvalhal Benfeito;4478875;
16B100606: Foz do Arelho;26807;
16B100607: Landal;10086938;
16B100608: Nadadouro;148780;
16B100609: Salir de Matos;3796964;
16B100611: Santa Catarina;2197279;
16B100617: União das freguesias de Caldas da Rainha - Nossa Senhora do Pópulo, Coto e São Gregório;4567534;
16B100618: União das freguesias de Caldas da Rainha - Santo Onofre e Serra do Bouro;758587;
16B100619: União das freguesias de Tornada e Salir do Porto;1963630;
16B100615: Vidais;3383133;
16B1108: Lourinhã;57746264;
16B110803: Moita dos Ferreiros;6553888;
16B110805: Reguengo Grande;4609360;
16B110810: Ribamar;701253;
16B110806: Santa Bárbara;1384801;
16B110812: União das freguesias de Lourinhã e Atalaia;26226637;
16B110813: União das freguesias de Miragaia e Marteleira;12659682;
16B110814: União das freguesias de São Bartolomeu dos Galegos e Moledo;4355498;
16B110808: Vimeiro;1255145;
16B1011: Nazaré;7208116;
16B101101: Famalicão;1519222;
16B101102: Nazaré;133734;
16B101103: Valado dos Frades;5555159;
16B1012: Óbidos;30804408;
16B101201: A dos Negros;3446580;
16B101202: Amoreira;5297273;
16B101208: Gaeiras;1183096;
16B101203: Olho Marinho;4849325;
16B101210: Santa Maria, São Pedro e Sobral da Lagoa;11671162;
16B101209: Usseira;2627357;
16B101207: Vau;1729615;
16B1014: Peniche;21085491;
16B101402: Atouguia da Baleia;16167008;
16B101406: Ferrel;4141375;
16B101407: Peniche;9247;
16B101405: Serra d'El-Rei;767862;
16B1112: Sobral de Monte Agraço;6973093;
16B111201: Santo Quintino;3402495;
16B111202: Sapataria;2547875;
16B111203: Sobral de Monte Agraço;1022723;
16B1113: Torres Vedras;77599518;
16B111306: Freiria;2953317;
16B111310: Ponte do Rol;2828794;
16B111311: Ramalhal;4295312;
16B111314: São Pedro da Cadeira;3495099;
16B111316: Silveira;6753776;
16B111317: Turcifal;3744759;
16B111321: União das freguesias de A dos Cunhados e Maceira;13174314;
16B111322: União das freguesias de Campelos e Outeiro da Cabeça;12069952;
16B111323: União das freguesias de Carvoeira e Carmões;6295168;
16B111324: União das freguesias de Dois Portos e Runa;3595157;
16B111325: União das freguesias de Maxial e Monte Redondo;9622563;
16B111326: União das freguesias de Torres Vedras (São Pedro, Santiago, Santa Maria do Castelo e São Miguel) e Matacães;3198004;
16B111318: Ventosa;5573303;
16D: Região de Aveiro;113432561;
16D0101: Águeda;9908003;
16D010103: Aguada de Cima;1406738;
16D010109: Fermentelos;269571;
16D010112: Macinhata do Vouga;1001829;
16D010121: União das freguesias de Águeda e Borralha;646826;
16D010122: União das freguesias de Barrô e Aguada de Baixo;375665;
16D010123: União das freguesias de Belazaima do Chão, Castanheira do Vouga e Agadão;1237867;
16D010124: União das freguesias de Recardães e Espinhel;836646;
16D010125: União das freguesias de Travassô e Óis da Ribeira;975307;
16D010126: União das freguesias de Trofa, Segadães e Lamas do Vouga;1023990;
16D010127: União das freguesias do Préstimo e Macieira de Alcoba;1456430;
16D010119: Valongo do Vouga;677133;
16D0102: Albergaria-a-Velha;14249321;
16D010209: Albergaria-a-Velha e Valmaior;1425467;
16D010202: Alquerubim;1842159;
16D010203: Angeja;1985877;
16D010204: Branca;4937908;
16D010206: Ribeira de Fráguas;2027450;
16D010210: São João de Loure e Frossos;2030460;
16D0103: Anadia;10228294;
16D010304: Avelãs de Caminho;148392;
16D010305: Avelãs de Cima;1936915;
16D010307: Moita;880054;
16D010309: Sangalhos;463385;
16D010310: São Lourenço do Bairro;1072827;
16D010316: União das freguesias de Amoreira da Gândara, Paredes do Bairro e Ancas;1727292;
16D010317: União das freguesias de Arcos e Mogofores;618901;
16D010318: União das freguesias de Tamengos, Aguim e Óis do Bairro;524239;
16D010312: Vila Nova de Monsarros;317680;
16D010313: Vilarinho do Bairro;2538608;
16D0105: Aveiro;9393398;
16D010501: Aradas;855290;
16D010502: Cacia;797084;
16D010515: Eixo e Eirol;945062;
16D010505: Esgueira;293343;
16D010508: Oliveirinha;2333101;
16D010516: Requeixo, Nossa Senhora de Fátima e Nariz;1623065;
16D010513: Santa Joana;724172;
16D010510: São Bernardo;607261;
16D010511: São Jacinto;754017;
16D010517: União das freguesias de Glória e Vera Cruz;461004;
16D0108: Estarreja;16770754;
16D010801: Avanca;4388223;
16D010805: Pardilhó;2528371;
16D010806: Salreu;3910328;
16D010808: União das freguesias de Beduído e Veiros;3510068;
16D010809: União das freguesias de Canelas e Fermelã;2433765;
16D0110: Ílhavo;2698157;
16D011005: Gafanha da Encarnação;64889;
16D011006: Gafanha da Nazaré;35219;
16D011007: Gafanha do Carmo;886455;
16D011008: Ílhavo (São Salvador);1711594;
16D0112: Murtosa;9518689;
16D011201: Bunheiro;6064959;
16D011202: Monte;164234;
16D011203: Murtosa;2145714;
16D011204: Torreira;1143781;
16D0114: Oliveira do Bairro;6358715;
16D011403: Oiã;2147450;
16D011404: Oliveira do Bairro;1209829;
16D011405: Palhaça;593303;
16D011407: União das freguesias de Bustos, Troviscal e Mamarrosa;2408132;
16D0115: Ovar;14442085;
16D011502: Cortegaça;9225;
16D011503: Esmoriz;70315;
16D011504: Maceda;198334;
16D011509: União das freguesias de Ovar, São João, Arada e São Vicente de Pereira Jusã;8847690;
16D011507: Válega;5316522;
16D0117: Sever do Vouga;7196930;
16D011702: Couto de Esteves;821088;
16D011704: Pessegueiro do Vouga;1052038;
16D011705: Rocas do Vouga;1502804;
16D011706: Sever do Vouga;904250;
16D011708: Talhadas;1603632;
16D011710: União das freguesias de Cedrim e Paradela;536089;
16D011711: União das freguesias de Silva Escura e Dornelas;777029;
16D0118: Vagos;12668215;
16D011801: Calvão;967622;
16D011804: Gafanha da Boa Hora;1008578;
16D011805: Ouca;3291494;
16D011810: Santo André de Vagos;694932;
16D011807: Sosa;1606640;
16D011812: União das freguesias de Fonte de Angeão e Covão do Lobo;1325592;
16D011813: União das freguesias de Ponte de Vagos e Santa Catarina;1398132;
16D011814: União das freguesias de Vagos e Santo António;2375225;
16E: Região de Coimbra;171257256;
16E0601: Arganil;2448584;
16E060102: Arganil;310701;
16E060104: Benfeita;55576;
16E060105: Celavisa;35119;
16E060109: Folques;59373;
16E060111: Piódão;46794;
16E060112: Pomares;75426;
16E060113: Pombeiro da Beira;222912;
16E060114: São Martinho da Cortiça;419637;
16E060115: Sarzedo;102962;
16E060116: Secarias;20453;
16E060119: União das freguesias de Cepos e Teixeira;115189;
16E060120: União das freguesias de Cerdeira e Moura da Serra;45729;
16E060121: União das freguesias de Côja e Barril de Alva;799434;
16E060122: União das freguesias de Vila Cova de Alva e Anseriz;139282;
16E0602: Cantanhede;22740963;
16E060201: Ançã;413793;
16E060203: Cadima;2701773;
16E060205: Cordinhã;1722508;
16E060207: Febres;774619;
16E060208: Murtede;1475849;
16E060209: Ourentã;1369444;
16E060218: Sanguinheira;4549960;
16E060215: São Caetano;211603;
16E060214: Tocha;3692209;
16E060220: União das freguesias de Cantanhede e Pocariça;2143469;
16E060221: União das freguesias de Covões e Camarneira;1544096;
16E060222: União das freguesias de Portunhos e Outil;661278;
16E060223: União das freguesias de Sepins e Bolho;1138006;
16E060224: União das freguesias de Vilamar e Corticeiro de Cima;342356;
16E0603: Coimbra;23933833;
16E060301: Almalaguês;1562339;
16E060309: Brasfemes;84753;
16E060311: Ceira;6072557;
16E060312: Cernache;289353;
16E060318: Santo António dos Olivais;66471;
16E060320: São João do Campo;950926;
16E060324: São Silvestre;1924850;
16E060329: Torres do Mondego;157799;
16E060332: União das freguesias de Antuzede e Vil de Matos;983811;
16E060333: União das freguesias de Assafarge e Antanhol;154711;
16E060334: União das freguesias de Coimbra (Sé Nova, Santa Cruz, Almedina e São Bartolomeu);1851643;
16E060335: União das freguesias de Eiras e São Paulo de Frades;508364;
16E060336: União das freguesias de Santa Clara e Castelo Viegas;428168;
16E060337: União das freguesias de São Martinho de Árvore e Lamarosa;1107331;
16E060338: União das freguesias de São Martinho do Bispo e Ribeira de Frades;5906123;
16E060339: União das freguesias de Souselas e Botão;873104;
16E060340: União das freguesias de Taveiro, Ameal e Arzila;680221;
16E060341: União das freguesias de Trouxemil e Torre de Vilela;331309;
16E0604: Condeixa-a-Nova;2715505;
16E060401: Anobra;416985;
16E060406: Ega;590566;
16E060407: Furadouro;122015;
16E060411: União das freguesias de Condeixa-a-Velha e Condeixa-a-Nova;821156;
16E060412: União das freguesias de Sebal e Belide;385445;
16E060413: União das freguesias de Vila Seca e Bem da Fé;169866;
16E060410: Zambujal;209473;
16E0605: Figueira da Foz;17157175;
16E060519: Alhadas;545847;
16E060502: Alqueidão;3248238;
16E060515: Bom Sucesso;3710894;
16E060520: Buarcos;65577;
16E060521: Ferreira-a-Nova;2495778;
16E060522: Lavos;604421;
16E060507: Maiorca;1930376;
16E060508: Marinha das Ondas;1302606;
16E060518: Moinhos da Gândara;1231964;
16E060523: Paião;1012592;
16E060524: Quiaios;165249;
16E060514: São Pedro;34152;
16E060512: Tavarede;73710;
16E060513: Vila Verde;735772;
16E0606: Góis;985883;
16E060601: Alvares;53616;
16E060604: Góis;112962;
16E060606: União das freguesias de Cadafaz e Colmeal;65597;
16E060605: Vila Nova do Ceira;753709;
16E0607: Lousã;4921022;
16E060706: Gândaras;354153;
16E060704: Serpins;309523;
16E060707: União das freguesias de Foz de Arouce e Casal de Ermio;3197068;
16E060708: União das freguesias de Lousã e Vilarinho;1060278;
16E0111: Mealhada;10008205;
16E011102: Barcouço;5297236;
16E011103: Casal Comba;1061573;
16E011104: Luso;153799;
16E011106: Pampilhosa;286069;
16E011109: União das freguesias da Mealhada, Ventosa do Bairro e Antes;2714782;
16E011107: Vacariça;494745;
16E0608: Mira;9769453;
16E060803: Carapelhos;794786;
16E060801: Mira;6293727;
16E060804: Praia de Mira;959491;
16E060802: Seixo;1721450;
16E0609: Miranda do Corvo;4328715;
16E060901: Lamas;399116;
16E060902: Miranda do Corvo;841815;
16E060906: União das freguesias de Semide e Rio Vide;2941004;
16E060905: Vila Nova;146780;
16E0610: Montemor-o-Velho;28166446;
16E061002: Arazede;10645297;
16E061003: Carapinheira;1742862;
16E061014: Ereira;1115292;
16E061005: Liceia;1617745;
16E061006: Meãs do Campo;713289;
16E061008: Pereira;573145;
16E061009: Santo Varão;1149308;
16E061010: Seixo de Gatões;1942135;
16E061011: Tentúgal;4416570;
16E061015: União das freguesias de Abrunheira, Verride e Vila Nova da Barca;1333069;
16E061016: União das freguesias de Montemor-o-Velho e Gatões;2917734;
16E1808: Mortágua;4532859;
16E180802: Cercosa;118426;
16E180804: Espinho;590000;
16E180805: Marmeleira;136758;
16E180807: Pala;484642;
16E180808: Sobral;422814;
16E180809: Trezói;292791;
16E180811: União das freguesias de Mortágua, Vale de Remígio, Cortegaça e Almaça;2487428;
16E0611: Oliveira do Hospital;5908890;
16E061101: Aldeia das Dez;29389;
16E061102: Alvoco das Várzeas;31832;
16E061103: Avô;110286;
16E061104: Bobadela;183287;
16E061106: Lagares;216470;
16E061109: Lourosa;170136;
16E061110: Meruge;106091;
16E061111: Nogueira do Cravo;412977;
16E061115: São Gião;99004;
16E061118: Seixo da Beira;2683151;
16E061119: Travanca de Lagos;380317;
16E061122: União das freguesias de Ervedal e Vila Franca da Beira;436410;
16E061123: União das freguesias de Lagos da Beira e Lajeosa;350779;
16E061124: União das freguesias de Oliveira do Hospital e São Paio de Gramaços;438226;
16E061125: União das freguesias de Penalva de Alva e São Sebastião da Feira;81477;
16E061126: União das freguesias de Santa Ovaia e Vila Pouca da Beira;179057;
16E0612: Pampilhosa da Serra;858016;
16E061201: Cabril;38453;
16E061202: Dornelas do Zêzere;72177;
16E061211: Fajão-Vidual;45544;
16E061204: Janeiro de Baixo;108907;
16E061206: Pampilhosa da Serra;269890;
16E061207: Pessegueiro;33574;
16E061212: Portela do Fojo-Machio;182667;
16E061209: Unhais-o-Velho;106804;
16E0613: Penacova;1790508;
16E061301: Carvalho;260203;
16E061302: Figueira de Lorvão;339299;
16E061304: Lorvão;164303;
16E061307: Penacova;210938;
16E061310: Sazes do Lorvão;156937;
16E061312: União das freguesias de Friúmes e Paradela;136950;
16E061313: União das freguesias de Oliveira do Mondego e Travanca do Mondego;176175;
16E061314: União das freguesias de São Pedro de Alva e São Paio de Mondego;345702;
16E0614: Penela;1404543;
16E061401: Cumeeira;207213;
16E061402: Espinhal;36461;
16E061403: Podentes;221041;
16E061407: União das freguesias de São Miguel, Santa Eufémia e Rabaçal;939826;
16E0615: Soure;25248461;
16E061501: Alfarelos;1387204;
16E061504: Figueiró do Campo;191844;
16E061506: Granja do Ulmeiro;130623;
16E061508: Samuel;417805;
16E061509: Soure;19856189;
16E061510: Tapéus;144044;
16E061513: União das freguesias de Degracias e Pombalinho;831556;
16E061514: União das freguesias de Gesteira e Brunhós;281523;
16E061511: Vila Nova de Anços;1209381;
16E061512: Vinha da Rainha;798293;
16E0616: Tábua;3401896;
16E061602: Candosa;83030;
16E061603: Carapinha;70695;
16E061608: Midões;532060;
16E061609: Mouronho;285291;
16E061611: Póvoa de Midões;161021;
16E061612: São João da Boa Vista;180946;
16E061614: Tábua;838979;
16E061616: União das freguesias de Ázere e Covelo;356777;
16E061617: União das freguesias de Covas e Vila Nova de Oliveirinha;342037;
16E061618: União das freguesias de Espariz e Sinde;318110;
16E061619: União das freguesias de Pinheiro de Coja e Meda de Mouros;232949;
16E0617: Vila Nova de Poiares;936299;
16E061701: Arrifana;120587;
16E061702: Lavegadas;24265;
16E061703: Poiares (Santo André);704968;
16E061704: São Miguel de Poiares;86478;
16F: Região de Leiria;139632547;
16F1002: Alvaiázere;3337190;
16F100201: Almoster;348737;
16F100208: Alvaiázere;558879;
16F100204: Maçãs de Dona Maria;204989;
16F100205: Pelmá;166188;
16F100209: Pussos São Pedro;2058398;
16F1003: Ansião;6667272;
16F100301: Alvorge;672278;
16F100309: Ansião;942566;
16F100303: Avelar;49888;
16F100304: Chão de Couce;856645;
16F100306: Pousaflores;332182;
16F100307: Santiago da Guarda;3813713;
16F1004: Batalha;8795093;
16F100401: Batalha;6489055;
16F100404: Golpilheira;579699;
16F100402: Reguengo do Fetal;750823;
16F100403: São Mamede;975517;
16F1007: Castanheira de Pêra;244926;
16F100703: União das freguesias de Castanheira de Pêra e Coentral;244926;
16F1008: Figueiró dos Vinhos;637761;
16F100801: Aguda;67980;
16F100802: Arega;157149;
16F100803: Campelo;7360;
16F100806: União das freguesias de Figueiró dos Vinhos e Bairradas;405271;
16F1009: Leiria;72296432;
16F100901: Amor;4864874;
16F100902: Arrabal;190326;
16F100925: Bajouca;974214;
16F100926: Bidoeira de Cima;8203780;
16F100907: Caranguejeira;3455279;
16F100909: Coimbrão;2587046;
16F100913: Maceira;1742553;
16F100915: Milagres;7900316;
16F100921: Regueira de Pontes;2806606;
16F100932: União das freguesias de Colmeias e Memória;5137930;
16F100933: União das freguesias de Leiria, Pousos, Barreira e Cortes;4402069;
16F100934: União das freguesias de Marrazes e Barosa;3797753;
16F100935: União das freguesias de Monte Real e Carvide;1672484;
16F100936: União das freguesias de Monte Redondo e Carreira;4052685;
16F100937: União das freguesias de Parceiros e Azoia;506374;
16F100938: União das freguesias de Santa Catarina da Serra e Chainça;1067225;
16F100939: União das freguesias de Santa Eufémia e Boa Vista;10350946;
16F100940: União das freguesias de Souto da Carpalhosa e Ortigosa;8583973;
16F1010: Marinha Grande;517746;
16F101001: Marinha Grande;295514;
16F101003: Moita;13462;
16F101002: Vieira de Leiria;208770;
16F1013: Pedrógão Grande;578740;
16F101301: Graça;167264;
16F101302: Pedrógão Grande;340118;
16F101303: Vila Facaia;71358;
16F1015: Pombal;21573344;
16F101501: Abiul;3655341;
16F101503: Almagreira;2754720;
16F101504: Carnide;894597;
16F101505: Carriço;547564;
16F101506: Louriçal;3181273;
16F101515: Meirinhas;281480;
16F101508: Pelariga;1076521;
16F101509: Pombal;3633100;
16F101510: Redinha;1145106;
16F101518: União das freguesias de Guia, Ilha e Mata Mourisca;2409521;
16F101519: União das freguesias de Santiago e São Simão de Litém e Albergaria dos Doze;847051;
16F101513: Vermoil;637685;
16F101514: Vila Cã;509385;
16F1016: Porto de Mós;24984042;
16F101602: Alqueidão da Serra;99321;
16F101605: Calvaria de Cima;13528063;
16F101606: Juncal;2943490;
16F101608: Mira de Aire;65753;
16F101609: Pedreiras;123844;
16F101614: Porto de Mós - São João Baptista e São Pedro;3092655;
16F101610: São Bento;3398285;
16F101613: Serro Ventoso;997638;
16F101615: União das freguesias de Alvados e Alcaria;144450;
16F101616: União das freguesias de Arrimal e Mendiga;590543;
16G: Viseu Dão Lafões;144724368;
16G0901: Aguiar da Beira;11597007;
16G090102: Carapito;592737;
16G090103: Cortiçada;491752;
16G090105: Dornelas;511515;
16G090106: Eirado;973968;
16G090107: Forninhos;470005;
16G090109: Pena Verde;1842818;
16G090110: Pinheiro;687118;
16G090114: União das freguesias de Aguiar da Beira e Coruche;3826223;
16G090115: União das freguesias de Sequeiros e Gradiz;1078053;
16G090116: União das freguesias de Souto de Aguiar da Beira e Valverde;1122820;
16G1802: Carregal do Sal;3790104;
16G180201: Beijós;1205155;
16G180202: Cabanas de Viriato;1026963;
16G180204: Oliveira do Conde;526501;
16G180206: Parada;70733;
16G180208: União das freguesias de Currelos, Papízios e Sobral;960752;
16G1803: Castro Daire;7762021;
16G180301: Almofala;112924;
16G180303: Cabril;339881;
16G180304: Castro Daire;495800;
16G180305: Cujó;58633;
16G180309: Gosende;298873;
16G180312: Mões;931270;
16G180313: Moledo;1790109;
16G180314: Monteiras;142461;
16G180317: Pepim;111312;
16G180319: Pinheiro;264609;
16G180322: São Joaninho;75666;
16G180323: União das freguesias de Mamouros, Alva e Ribolhos;2002159;
16G180324: União das freguesias de Mezio e Moura Morta;240551;
16G180325: União das freguesias de Parada de Ester e Ester;387379;
16G180326: União das freguesias de Picão e Ermida;118386;
16G180327: União das freguesias de Reriz e Gafanhão;392009;
16G1806: Mangualde;6751463;
16G180601: Abrunhosa-a-Velha;546213;
16G180602: Alcafache;689937;
16G180605: Cunha Baixa;451948;
16G180606: Espinho;783433;
16G180607: Fornos de Maceira Dão;626806;
16G180608: Freixiosa;23669;
16G180614: Quintela de Azurara;326815;
16G180616: São João da Fresta;296524;
16G180619: União das freguesias de Mangualde, Mesquitela e Cunha Alta;1060536;
16G180620: União das freguesias de Moimenta de Maceira Dão e Lobelhe do Mato;494280;
16G180621: União das freguesias de Santiago de Cassurrães e Póvoa de Cervães;705390;
16G180622: União das freguesias de Tavares (Chãs, Várzea e Travanca);745913;
16G1809: Nelas;5794169;
16G180901: Canas de Senhorim;2112156;
16G180908: Lapa do Lobo;165331;
16G180903: Nelas;704566;
16G180905: Senhorim;490144;
16G180910: União das freguesias de Carvalhal Redondo e Aguieira;599303;
16G180911: União das freguesias de Santar e Moreira;998217;
16G180906: Vilar Seco;724451;
16G1810: Oliveira de Frades;18545459;
16G181002: Arcozelo das Maias;2055489;
16G181005: Pinheiro;1980924;
16G181007: Ribeiradio;769545;
16G181008: São João da Serra;766578;
16G181009: São Vicente de Lafões;3077806;
16G181013: União das freguesias de Arca e Varzielas;3372650;
16G181014: União das freguesias de Destriz e Reigoso;1572444;
16G181015: União das freguesias de Oliveira de Frades, Souto de Lafões e Sejães;4950023;
16G1811: Penalva do Castelo;4530377;
16G181102: Castelo de Penalva;729476;
16G181103: Esmolfe;203371;
16G181104: Germil;153143;
16G181105: Ínsua;427566;
16G181106: Lusinde;117298;
16G181109: Pindo;974482;
16G181110: Real;137594;
16G181111: Sezures;774702;
16G181112: Trancozelos;506717;
16G181114: União das freguesias de Antas e Matela;308457;
16G181115: União das freguesias de Vila Cova do Covelo/Mareco;197572;
16G1814: Santa Comba Dão;5147758;
16G181403: Pinheiro de Ázere;374544;
16G181405: São Joaninho;1344883;
16G181406: São João de Areias;850807;
16G181410: União das freguesias de Ovoa e Vimieiro;1483796;
16G181411: União das freguesias de Santa Comba Dão e Couto do Mosteiro;424736;
16G181412: União das freguesias de Treixedo e Nagozela;668991;
16G1816: São Pedro do Sul;17006198;
16G181602: Bordonhos;638331;
16G181606: Figueiredo de Alva;345174;
16G181607: Manhouce;713670;
16G181608: Pindelo dos Milagres;2068521;
16G181609: Pinho;386824;
16G181612: São Félix;392566;
16G181615: Serrazes;1830411;
16G181616: Sul;1193198;
16G181620: União das freguesias de Carvalhais e Candal;5152171;
16G181621: União das freguesias de Santa Cruz da Trapa e São Cristóvão de Lafões;772129;
16G181622: União das freguesias de São Martinho das Moitas e Covas do Rio;443526;
16G181623: União das freguesias de São Pedro do Sul, Várzea e Baiões;745381;
16G181617: Valadares;520161;
16G181619: Vila Maior;1804138;
16G1817: Sátão;9781546;
16G181702: Avelal;213827;
16G181704: Ferreira de Aves;2865842;
16G181706: Mioma;328314;
16G181707: Rio de Moinhos;731214;
16G181709: São Miguel de Vila Boa;582254;
16G181710: Sátão;564913;
16G181711: Silvã de Cima;1209820;
16G181713: União das freguesias de Águas Boas e Forles;479332;
16G181714: União das freguesias de Romãs, Decermilo e Vila Longa;2806031;
16G1821: Tondela;23677383;
16G182102: Campo de Besteiros;386207;
16G182103: Canas de Santa Maria;1948600;
16G182105: Castelões;626632;
16G182106: Dardavaz;1737713;
16G182107: Ferreirós do Dão;87483;
16G182108: Guardão;6821527;
16G182109: Lajeosa do Dão;963513;
16G182110: Lobão da Beira;1078905;
16G182111: Molelos;272471;
16G182116: Parada de Gonta;405890;
16G182118: Santiago de Besteiros;355696;
16G182122: Tonda;214894;
16G182127: União das freguesias de Barreiro de Besteiros e Tourigo;2122077;
16G182128: União das freguesias de Caparrosa e Silvares;694707;
16G182129: União das freguesias de Mouraz e Vila Nova da Rainha;472739;
16G182130: União das freguesias de São João do Monte e Mosteirinho;569754;
16G182131: União das freguesias de São Miguel do Outeiro e Sabugosa;974357;
16G182132: União das freguesias de Tondela e Nandufe;2465360;
16G182133: União das freguesias de Vilar de Besteiros e Mosteiro de Fráguas;1478857;
16G1822: Vila Nova de Paiva;5683248;
16G182203: Pendilhe;204484;
16G182204: Queiriga;303716;
16G182205: Touro;3089296;
16G182208: União das freguesias de Vila Nova de Paiva, Alhais e Fráguas;1119741;
16G182206: Vila Cova à Coelheira;966010;
16G1823: Viseu;13201428;
16G182301: Abraveses;207425;
16G182304: Bodiosa;579844;
16G182305: Calde;511410;
16G182306: Campo;168112;
16G182307: Cavernães;579414;
16G182310: Cota;1390946;
16G182337: Coutos de Viseu;305290;
16G182315: Fragosela;344178;
16G182316: Lordosa;390535;
16G182318: Mundão;285791;
16G182319: Orgens;159441;
16G182320: Povolide;1141098;
16G182321: Ranhados;306046;
16G182339: Repeses e São Salvador;410137;
16G182322: Ribafeita;255345;
16G182323: Rio de Loba;121464;
16G182325: Santos Evos;316320;
16G182340: São Cipriano e Vil de Souto;438064;
16G182327: São João de Lourosa;1201891;
16G182329: São Pedro de France;531378;
16G182317: Silgueiros;1376358;
16G182335: União das freguesias de Barreiros e Cepões;856729;
16G182336: União das freguesias de Boa Aldeia, Farminhão e Torredeita;882137;
16G182338: Faíl e Vila Chã de Sá;328000;
16G182341: Viseu;114076;
16G1824: Vouzela;11456207;
16G182401: Alcofra;831596;
16G182403: Campia;2706373;
16G182407: Fornelo do Monte;48680;
16G182409: Queirã;2754551;
16G182410: São Miguel do Mato;566117;
16G182413: União das freguesias de Cambra e Carvalhal de Vermilhas;2936721;
16G182414: União das freguesias de Fataunços e Figueiredo das Donas;214365;
16G182415: União das freguesias de Vouzela e Paços de Vilharigues;651401;
16G182411: Ventosa;746404;
16H: Beira Baixa;87054248;
16H0502: Castelo Branco;27522165;
16H050201: Alcains;2412748;
16H050202: Almaceda;424975;
16H050203: Benquerenças;447433;
16H050205: Castelo Branco;4218597;
16H050211: Lardosa;2277066;
16H050212: Louriçal do Campo;1314155;
16H050214: Malpica do Tejo;2246766;
16H050216: Monforte da Beira;1812946;
16H050220: Salgueiro do Campo;323616;
16H050221: Santo André das Tojeiras;486243;
16H050222: São Vicente da Beira;927475;
16H050223: Sarzedas;1559807;
16H050225: Tinalhas;808203;
16H050226: União das freguesias de Cebolais de Cima e Retaxo;362535;
16H050227: União das freguesias de Escalos de Baixo e Mata;3183491;
16H050228: União das freguesias de Escalos de Cima e Lousa;1481069;
16H050229: União das freguesias de Freixial e Juncal do Campo;610259;
16H050230: União das freguesias de Ninho do Açor e Sobral do Campo;1132621;
16H050231: União das freguesias de Póvoa de Rio de Moinhos e Cafede;1492159;
16H0505: Idanha-a-Nova;40566424;
16H050502: Aldeia de Santa Margarida;491259;
16H050505: Ladoeiro;4188902;
16H050506: Medelim;1126662;
16H050509: Oledo;1394648;
16H050510: Penha Garcia;1264416;
16H050511: Proença-a-Velha;1209206;
16H050512: Rosmaninhal;4783024;
16H050514: São Miguel de Acha;1631983;
16H050516: Toulões;885762;
16H050518: União das freguesias de Idanha-a-Nova e Alcafozes;11467894;
16H050519: União das freguesias de Monfortinho e Salvaterra do Extremo;2941126;
16H050520: União das freguesias de Monsanto e Idanha-a-Velha;2656928;
16H050521: União das freguesias de Zebreira e Segura;6524615;
16H0506: Oleiros;2072095;
16H050601: Álvaro;132626;
16H050603: Cambas;87096;
16H050613: Estreito-Vilar Barroco;421162;
16H050605: Isna;159662;
16H050606: Madeirã;48677;
16H050607: Mosteiro;89496;
16H050614: Oleiros-Amieira;873506;
16H050609: Orvalho;81570;
16H050610: Sarnadas de São Simão;85586;
16H050611: Sobral;92713;
16H0507: Penamacor;8452758;
16H050704: Aranhas;191848;
16H050706: Benquerença;841824;
16H050707: Meimão;211629;
16H050708: Meimoa;713714;
16H050710: Penamacor;4724431;
16H050711: Salvador;172410;
16H050713: União das freguesias de Aldeia do Bispo, Águas e Aldeia de João Pires;474507;
16H050714: União das freguesias de Pedrógão de São Pedro e Bemposta;845591;
16H050712: Vale da Senhora da Póvoa;276804;
16H0508: Proença-a-Nova;4324686;
16H050802: Montes da Senhora;335970;
16H050805: São Pedro do Esteval;806539;
16H050807: União das freguesias de Proença-a-Nova e Peral;1907380;
16H050808: União das freguesias de Sobreira Formosa e Alvito da Beira;1274797;
16H0511: Vila Velha de Ródão;4116120;
16H051101: Fratel;588064;
16H051102: Perais;1904004;
16H051103: Sarnadas de Ródão;316853;
16H051104: Vila Velha de Ródão;1307199;
16I: Médio Tejo;114028480;
16I1401: Abrantes;9841810;
16I140104: Bemposta;3340871;
16I140119: Carvalhal;17749;
16I140118: Fontes;62709;
16I140105: Martinchel;225926;
16I140106: Mouriscas;826143;
16I140107: Pego;729886;
16I140108: Rio de Moinhos;674209;
16I140115: Tramagal;828508;
16I140120: União das freguesias de Abrantes (São Vicente e São João) e Alferrarede;810321;
16I140121: União das freguesias de Aldeia do Mato e Souto;118935;
16I140122: União das freguesias de Alvega e Concavada;970049;
16I140123: União das freguesias de São Facundo e Vale das Mós;826934;
16I140124: União das freguesias de São Miguel do Rio Torto e Rossio ao Sul do Tejo;409568;
16I1402: Alcanena;4433237;
16I140202: Bugalhos;666477;
16I140206: Minde;138197;
16I140207: Moitas Venda;197875;
16I140208: Monsanto;499187;
16I140209: Serra de Santo António;1607523;
16I140211: União das freguesias de Alcanena e Vila Moreira;502306;
16I140212: União das freguesias de Malhou, Louriceira e Espinheiro;821672;
16I1408: Constância;620390;
16I140801: Constância;135558;
16I140802: Montalvo;69405;
16I140803: Santa Margarida da Coutada;415428;
16I1410: Entroncamento;1689212;
16I141002: Nossa Senhora de Fátima;50230;
16I141001: São João Baptista;1638982;
16I1411: Ferreira do Zêzere;29150396;
16I141101: Águas Belas;3999176;
16I141103: Beco;449133;
16I141104: Chãos;208622;
16I141106: Ferreira do Zêzere;14470284;
16I141107: Igreja Nova do Sobral;426559;
16I141110: Nossa Senhora do Pranto;8753655;
16I141111: União das freguesias de Areias e Pias;842968;
16I1413: Mação;2168610;
16I141302: Amêndoa;177616;
16I141303: Cardigos;472922;
16I141304: Carvoeiro;179180;
16I141305: Envendos;567868;
16I141307: Ortiga;148914;
16I141309: União das freguesias de Mação, Penhascoso e Aboboreira;622111;
16I1421: Ourém;24600481;
16I142101: Alburitel;275617;
16I142102: Atouguia;314609;
16I142104: Caxarias;221704;
16I142105: Espite;186101;
16I142106: Fátima;993370;
16I142115: Nossa Senhora da Piedade;877478;
16I142111: Nossa Senhora das Misericórdias;2059970;
16I142113: Seiça;658127;
16I142119: União das freguesias de Freixianda, Ribeira do Fárrio e Formigais;1246947;
16I142120: União das freguesias de Gondemaria e Olival;1106346;
16I142121: União das freguesias de Matas e Cercal;265923;
16I142122: União das freguesias de Rio de Couros e Casal dos Bernardos;1220073;
16I142114: Urqueira;15174216;
16I1417: Sardoal;1292695;
16I141701: Alcaravela;119610;
16I141702: Santiago de Montalegre;43067;
16I141703: Sardoal;975081;
16I141704: Valhascos;154938;
16I0509: Sertã;4811650;
16I050901: Cabeçudo;219117;
16I050902: Carvalhal;139360;
16I050903: Castelo;167925;
16I050911: Pedrógão Pequeno;290300;
16I050912: Sertã;2311861;
16I050913: Troviscal;370060;
16I050915: União das freguesias de Cernache do Bonjardim, Nesperal e Palhais;502883;
16I050916: União das freguesias de Cumeada e Marmeleiro;213044;
16I050917: União das freguesias de Ermida e Figueiredo;270269;
16I050914: Várzea dos Cavaleiros;326832;
16I1418: Tomar;18732113;
16I141802: Asseiceira;4309466;
16I141804: Carregueiros;201048;
16I141808: Olalhas;1501221;
16I141809: Paialvo;2954238;
16I141814: Sabacheira;409068;
16I141813: São Pedro de Tomar;892547;
16I141817: União das freguesias de Além da Ribeira e Pedreira;239797;
16I141818: União das freguesias de Casais e Alviobeira;1201815;
16I141819: União das freguesias de Madalena e Beselga;5570786;
16I141820: União das freguesias de Serra e Junceira;628882;
16I141821: União das freguesias de Tomar (São João Baptista) e Santa Maria dos Olivais;823244;
16I1419: Torres Novas;14889444;
16I141902: Assentiz;866580;
16I141904: Chancelaria;1655377;
16I141917: Meia Via;16217;
16I141909: Pedrógão;1103803;
16I141910: Riachos;1459772;
16I141918: União das freguesias de Brogueira, Parceiros de Igreja e Alcorochel;2938890;
16I141919: União das freguesias de Olaia e Paço;2547669;
16I141920: União das freguesias de Torres Novas (Santa Maria, Salvador e Santiago);2835677;
16I141921: União das freguesias de Torres Novas (São Pedro), Lapas e Ribeira Branca;1242724;
16I141916: Zibreira;222735;
16I0510: Vila de Rei;895354;
16I051001: Fundada;61168;
16I051002: São João do Peso;90137;
16I051003: Vila de Rei;744048;
16I1420: Vila Nova da Barquinha;903087;
16I142001: Atalaia;69915;
16I142002: Praia do Ribatejo;42399;
16I142003: Tancos;28649;
16I142006: Vila Nova da Barquinha;762124;
16J: Beiras e Serra da Estrela;192614226;
16J0902: Almeida;10784836;
16J090203: Almeida;2357706;
16J090207: Castelo Bom;222711;
16J090209: Freineda;633062;
16J090210: Freixo;363328;
16J090213: Malhada Sorda;927777;
16J090219: Nave de Haver;373617;
16J090224: São Pedro de Rio Seco;408045;
16J090230: União das freguesias de Amoreira, Parada e Cabreira;816053;
16J090231: União das freguesias de Azinhal, Peva e Valverde;884473;
16J090232: União das freguesias de Castelo Mendo, Ade, Monteperobolso e Mesquitela;636860;
16J090233: União das freguesias de Junça e Naves;593898;
16J090234: União das freguesias de Leomil, Mido, Senouras e Aldeia Nova;605907;
16J090235: União das freguesias de Malpartida e Vale de Coelha;541126;
16J090236: União das freguesias de Miuzela e Porto de Ovelha;229678;
16J090227: Vale da Mula;935714;
16J090229: Vilar Formoso;254882;
16J0501: Belmonte;8182375;
16J050102: Caria;3413673;
16J050104: Inguias;1076631;
16J050105: Maçainhas;504661;
16J050106: União das freguesias de Belmonte e Colmeal da Torre;3187409;
16J0903: Celorico da Beira;6645347;
16J090302: Baraçal;215683;
16J090304: Carrapichana;115234;
16J090322: Casas do Soeiro;102293;
16J090306: Forno Telheiro;1280549;
16J090307: Lajeosa do Mondego;423264;
16J090308: Linhares;328496;
16J090309: Maçal do Chão;415405;
16J090310: Mesquitela;394845;
16J090311: Minhocal;602949;
16J090312: Prados;286606;
16J090314: Ratoeira;230146;
16J090323: União das freguesias de Açores e Velosa;499079;
16J090324: União das freguesias de Celorico (São Pedro e Santa Maria) e Vila Boa do Mondego;943037;
16J090325: União das freguesias de Cortiçô da Serra, Vide entre Vinhas e Salgueirais;445670;
16J090326: União das freguesias de Rapa e Cadafaz;205762;
16J090318: Vale de Azares;156330;
16J0503: Covilhã;22807150;
16J050302: Aldeia de São Francisco de Assis;4945;
16J050305: Boidobra;1231395;
16J050308: Cortes do Meio;339773;
16J050309: Dominguizo;127645;
16J050310: Erada;233754;
16J050311: Ferro;3769830;
16J050312: Orjais;3200303;
16J050314: Paul;497107;
16J050315: Peraboa;3020826;
16J050318: São Jorge da Beira;42205;
16J050322: Sobral de São Miguel;69790;
16J050324: Tortosendo;1052267;
16J050325: Unhais da Serra;657441;
16J050332: União das freguesias de Barco e Coutada;177687;
16J050333: União das freguesias de Cantar-Galo e Vila do Carvalho;178270;
16J050334: União das freguesias de Casegas e Ourondo;177912;
16J050335: União das freguesias de Covilhã e Canhoso;1785427;
16J050336: União das freguesias de Peso e Vales do Rio;216730;
16J050337: União das freguesias de Teixoso e Sarzedo;3181344;
16J050338: União das freguesias de Vale Formoso e Aldeia do Souto;2444959;
16J050327: Verdelhos;397542;
16J0904: Figueira de Castelo Rodrigo;14378673;
16J090403: Castelo Rodrigo;1189333;
16J090406: Escalhão;1520370;
16J090408: Figueira de Castelo Rodrigo;745468;
16J090410: Mata de Lobos;913931;
16J090418: União das freguesias de Algodres, Vale de Afonsinho e Vilar de Amargo;1407444;
16J090419: União das freguesias de Almofala e Escarigo;1223928;
16J090420: União das freguesias de Cinco Vilas e Reigada;1568163;
16J090421: União das freguesias de Freixeda do Torrão, Quintã de Pêro Martins e Penha de Águia;1610178;
16J090422: União das freguesias do Colmeal e Vilar Torpim;2397553;
16J090415: Vermiosa;1802306;
16J0905: Fornos de Algodres;4179312;
16J090501: Algodres;416112;
16J090502: Casal Vasco;179723;
16J090504: Figueiró da Granja;273757;
16J090505: Fornos de Algodres;952174;
16J090507: Infias;99004;
16J090509: Maceira;317115;
16J090510: Matança;408474;
16J090511: Muxagata;264367;
16J090512: Queiriz;233439;
16J090517: União das freguesias de Cortiçô e Vila Chã;155841;
16J090518: União das freguesias de Juncais, Vila Ruiva e Vila Soeiro do Chão;533219;
16J090519: União das freguesias de Sobral Pichorro e Fuinhas;346087;
16J0504: Fundão;43386872;
16J050401: Alcaide;2542261;
16J050402: Alcaria;1555743;
16J050403: Alcongosta;2143148;
16J050406: Alpedrinha;3377253;
16J050408: Barroca;59832;
16J050410: Bogas de Cima;172184;
16J050411: Capinha;1817557;
16J050412: Castelejo;1499415;
16J050413: Castelo Novo;3930488;
16J050431: Enxames;866469;
16J050416: Fatela;791322;
16J050419: Lavacolhos;254970;
16J050420: Orca;2273668;
16J050421: Pêro Viseu;1247695;
16J050424: Silvares;284072;
16J050425: Soalheira;906451;
16J050426: Souto da Casa;1145080;
16J050427: Telhado;1100409;
16J050432: Três Povos;1927516;
16J050434: União das freguesias de Fundão, Valverde, Donas, Aldeia de Joanes e Aldeia Nova do Cabo;7338351;
16J050433: União das freguesias de Janeiro de Cima e Bogas de Baixo;198847;
16J050435: União das freguesias de Póvoa de Atalaia e Atalaia do Campo;2410517;
16J050436: União das freguesias de Vale de Prazeres e Mata da Rainha;5543622;
16J0906: Gouveia;7913668;
16J090602: Arcozelo;867382;
16J090603: Cativelos;627795;
16J090605: Folgosinho;665182;
16J090625: Gouveia;594962;
16J090612: Nespereira;311555;
16J090613: Paços da Serra;248755;
16J090614: Ribamondego;99346;
16J090617: São Paio;302332;
16J090623: União das freguesias de Aldeias e Mangualde da Serra;250121;
16J090624: União das freguesias de Figueiró da Serra e Freixo da Serra;189926;
16J090626: União das freguesias de Melo e Nabais;937552;
16J090627: União das freguesias de Moimenta da Serra e Vinhó;954027;
16J090628: União das freguesias de Rio Torto e Lagarinhos;523975;
16J090619: Vila Cortês da Serra;383281;
16J090620: Vila Franca da Serra;366929;
16J090621: Vila Nova de Tazem;590551;
16J0907: Guarda;16319422;
16J090766: Adão;361391;
16J090703: Aldeia do Bispo;137959;
16J090704: Aldeia Viçosa;228183;
16J090705: Alvendre;271825;
16J090706: Arrifana;330748;
16J090708: Avelãs da Ribeira;335008;
16J090709: Benespera;522430;
16J090711: Casal de Cinza;554259;
16J090712: Castanheira;258976;
16J090713: Cavadoude;235341;
16J090714: Codesseiro;250380;
16J090716: Faia;925345;
16J090717: Famalicão;162277;
16J090718: Fernão Joanes;246097;
16J090757: Gonçalo;650895;
16J090721: Gonçalo Bocas;110622;
16J090758: Guarda;936052;
16J090759: Jarmelo São Miguel;414476;
16J090760: Jarmelo São Pedro;754439;
16J090722: João Antão;75235;
16J090723: Maçainhas;326789;
16J090724: Marmeleiro;571574;
16J090725: Meios;138777;
16J090728: Panoias de Cima;613040;
16J090729: Pega;103503;
16J090730: Pêra do Moço;513787;
16J090732: Porto da Carne;41992;
16J090734: Ramela;557233;
16J090738: Santana da Azinha;382131;
16J090744: Sobral da Serra;159227;
16J090761: União de freguesias de Avelãs de Ambom e Rocamondo;205928;
16J090762: União de freguesias de Corujeira e Trinta;341683;
16J090763: União de freguesias de Mizarela, Pêro Soares e Vila Soeiro;330663;
16J090764: União de freguesias de Pousade e Albardo;267413;
16J090765: União de freguesias de Rochoso e Monte Margarida;258990;
16J090746: Vale de Estrela;149233;
16J090747: Valhelhas;691885;
16J090748: Vela;700743;
16J090749: Videmonte;494569;
16J090750: Vila Cortês do Mondego;108418;
16J090751: Vila Fernando;766460;
16J090752: Vila Franca do Deão;366409;
16J090753: Vila Garcia;467038;
16J0908: Manteigas;478527;
16J090802: Manteigas (Santa Maria);180112;
16J090803: Manteigas (São Pedro);202672;
16J090801: Sameiro;37433;
16J090804: Vale de Amoreira;58310;
16J0909: Mêda;8684649;
16J090901: Aveloso;266189;
16J090902: Barreira;324741;
16J090905: Coriscada;746902;
16J090907: Longroiva;1391844;
16J090908: Marialva;382282;
16J090917: Mêda, Outeiro de Gatos e Fonte Longa;1739829;
16J090912: Poço do Canto;809315;
16J090918: Prova e Casteição;606994;
16J090914: Rabaçal;717596;
16J090915: Ranhados;1052318;
16J090919: União das freguesias de Vale Flor, Carvalhal e Pai Penela;646641;
16J0910: Pinhel;18717681;
16J091028: Agregação das freguesias Sul de Pinhel;986731;
16J091032: Alto do Palurdo;1186927;
16J091029: Alverca da Beira/Bouça Cova;1077841;
16J091009: Ervedosa;513190;
16J091010: Freixedas;1509244;
16J091012: Lamegal;615107;
16J091013: Lameiras;668713;
16J091014: Manigoto;576922;
16J091015: Pala;1258200;
16J091017: Pinhel;2274790;
16J091018: Pínzio;465940;
16J091024: Souro Pires;1314640;
16J091030: Terras de Massueime;1313510;
16J091035: União das freguesias de Atalaia e Safurdão;686424;
16J091031: Valbom/Bogalhal;1664875;
16J091033: Vale do Côa;799645;
16J091034: Vale do Massueime;1161099;
16J091027: Vascoveiro;643881;
16J0911: Sabugal;10701086;
16J091101: Águas Belas;90366;
16J091103: Aldeia da Ponte;612649;
16J091102: Aldeia do Bispo;80304;
16J091106: Aldeia Velha;184706;
16J091107: Alfaiates;231356;
16J091109: Baraçal;185204;
16J091110: Bendada;709114;
16J091111: Bismula;237135;
16J091112: Casteleiro;804443;
16J091113: Cerdeira;183470;
16J091114: Fóios;246341;
16J091118: Malcata;67017;
16J091120: Nave;132696;
16J091123: Quadrazais;416633;
16J091124: Quintas de São Bartolomeu;119918;
16J091125: Rapoula do Côa;54345;
16J091126: Rebolosa;200160;
16J091127: Rendo;258125;
16J091133: Sortelha;564686;
16J091134: Souto;691443;
16J091141: União das freguesias de Aldeia da Ribeira, Vilar Maior e Badamalos;1185428;
16J091142: União das freguesias de Lajeosa e Forcalhos;427592;
16J091143: União das freguesias de Pousafoles do Bispo, Pena Lobo e Lomba;512034;
16J091144: União das freguesias de Ruvina, Ruivós e Vale das Éguas;208450;
16J091146: União das freguesias de Santo Estêvão e Moita;356845;
16J091147: União das freguesias de Seixo do Côa e Vale Longo;355845;
16J091145: União das freguesias do Sabugal e Aldeia de Santo António;879476;
16J091136: Vale de Espinho;360092;
16J091138: Vila Boa;186284;
16J091139: Vila do Touro;158928;
16J0912: Seia;7548079;
16J091201: Alvoco da Serra;111266;
16J091205: Girabolhos;248003;
16J091207: Loriga;283756;
16J091208: Paranhos;518584;
16J091209: Pinhanços;586741;
16J091210: Sabugueiro;66933;
16J091212: Sandomil;477447;
16J091213: Santa Comba;585702;
16J091216: Santiago;328024;
16J091219: Sazes da Beira;24117;
16J091221: Teixeira;80742;
16J091224: Travancinha;228102;
16J091230: União das freguesias de Carragozela e Várzea de Meruge;484962;
16J091231: União das freguesias de Sameice e Santa Eulália;672290;
16J091232: União das freguesias de Santa Marinha e São Martinho;708882;
16J091233: União das freguesias de Seia, São Romão e Lapa dos Dinheiros;803570;
16J091234: União das freguesias de Torrozelo e Folhadosa;148758;
16J091235: União das freguesias de Tourais e Lajes;899876;
16J091236: União das freguesias de Vide e Cabeça;101471;
16J091225: Valezim;82789;
16J091228: Vila Cova à Coelheira;106066;
16J0913: Trancoso;11886547;
16J091301: Aldeia Nova;416116;
16J091303: Castanheira;243780;
16J091304: Cogula;157899;
16J091305: Cótimos;310237;
16J091307: Fiães;318315;
16J091309: Granja;884445;
16J091310: Guilheiro;317517;
16J091311: Moimentinha;253702;
16J091312: Moreira de Rei;500888;
16J091313: Palhais;261201;
16J091314: Póvoa do Concelho;709223;
16J091315: Reboleiro;75185;
16J091316: Rio de Mel;588989;
16J091321: Tamanhos;528208;
16J091330: União das freguesias de Freches e Torres;839971;
16J091331: União das freguesias de Torre do Terrenho, Sebadelhe da Serra e Terrenho;723923;
16J091332: União das freguesias de Trancoso (São Pedro e Santa Maria) e Souto Maior;1872503;
16J091333: União das freguesias de Vale do Seixo e Vila Garcia;614670;
16J091334: União das freguesias de Vila Franca das Naves e Feital;1030355;
16J091335: União das freguesias de Vilares e Carnicães;788918;
16J091325: Valdujo;450501;
17: Área Metropolitana de Lisboa;307606825;
170: Área Metropolitana de Lisboa;307606825;
1701502: Alcochete;20044857;
170150201: Alcochete;18601027;
170150202: Samouco;197318;
170150203: São Francisco;1246512;
1701503: Almada;2924771;
170150303: Costa da Caparica;2305096;
170150312: União das freguesias de Almada, Cova da Piedade, Pragal e Cacilhas;69371;
170150313: União das freguesias de Caparica e Trafaria;367280;
170150314: União das freguesias de Charneca de Caparica e Sobreda;166991;
170150315: União das freguesias de Laranjeiro e Feijó;16033;
1701115: Amadora;50129;
170111512: Alfragide;- -;
170111513: Águas Livres;- -;
170111514: Encosta do Sol;6690;
170111515: Falagueira-Venda Nova;8283;
170111516: Mina de Água;6768;
170111517: Venteira;27469;
1701504: Barreiro;388942;
170150407: Santo António da Charneca;202357;
170150409: União das freguesias de Alto do Seixalinho, Santo André e Verderena;101052;
170150410: União das freguesias de Barreiro e Lavradio;33955;
170150411: União das freguesias de Palhais e Coina;51577;
1701105: Cascais;582298;
170110501: Alcabideche;348668;
170110506: São Domingos de Rana;101415;
170110507: União das freguesias de Carcavelos e Parede;14359;
170110508: União das freguesias de Cascais e Estoril;117857;
1701106: Lisboa;799762;
170110601: Ajuda;- -;
170110602: Alcântara;57186;
170110654: Alvalade;- -;
170110655: Areeiro;2748;
170110656: Arroios;- -;
170110657: Avenidas Novas;- -;
170110607: Beato;- -;
170110658: Belém;- -;
170110608: Benfica;- -;
170110659: Campo de Ourique;- -;
170110610: Campolide;- -;
170110611: Carnide;8276;
170110660: Estrela;- -;
170110618: Lumiar;- -;
170110621: Marvila;- -;
170110661: Misericórdia;727687;
170110633: Olivais;- -;
170110662: Parque das Nações;- -;
170110663: Penha de França;- -;
170110664: Santa Clara;- -;
170110665: Santa Maria Maior;- -;
170110666: Santo António;3866;
170110639: São Domingos de Benfica;- -;
170110667: São Vicente;- -;
1701107: Loures;26219381;
170110702: Bucelas;12288577;
170110705: Fanhões;384404;
170110707: Loures;5409996;
170110708: Lousa;1439046;
170110731: União das freguesias de Camarate, Unhos e Apelação;64366;
170110726: União das freguesias de Moscavide e Portela;20575;
170110727: União das freguesias de Sacavém e Prior Velho;11924;
170110728: União das freguesias de Santa Iria de Azoia, São João da Talha e Bobadela;29462;
170110729: União das freguesias de Santo Antão e São Julião do Tojal;5557969;
170110730: União das freguesias de Santo António dos Cavaleiros e Frielas;1011225;
1701109: Mafra;47715298;
170110902: Carvoeira;605676;
170110904: Encarnação;9687637;
170110906: Ericeira;411128;
170110909: Mafra;4981081;
170110911: Milharado;4673556;
170110913: Santo Isidoro;4112340;
170110918: União das freguesias de Azueira e Sobral da Abelheira;13331485;
170110919: União das freguesias de Enxara do Bispo, Gradil e Vila Franca do Rosário;5476196;
170110920: União das freguesias de Igreja Nova e Cheleiros;1643359;
170110921: União das freguesias de Malveira e São Miguel de Alcainça;937455;
170110922: União das freguesias de Venda do Pinheiro e Santo Estêvão das Galés;1855385;
1701506: Moita;5371086;
170150601: Alhos Vedros;1830499;
170150603: Moita;3290273;
170150607: União das freguesias de Baixa da Banheira e Vale da Amoreira;8898;
170150608: União das freguesias de Gaio-Rosário e Sarilhos Pequenos;241416;
1701507: Montijo;63978681;
170150701: Canha;31929600;
170150704: Sarilhos Grandes;5659222;
170150709: União das freguesias de Atalaia e Alto Estanqueiro-Jardia;4596206;
170150710: União das freguesias de Montijo e Afonsoeiro;6671267;
170150711: União das freguesias de Pegões;15122386;
1701116: Odivelas;461748;
170111603: Odivelas;72939;
170111608: União das freguesias de Pontinha e Famões;181271;
170111609: União das freguesias de Póvoa de Santo Adrião e Olival Basto;4554;
170111610: União das freguesias de Ramada e Caneças;202985;
1701110: Oeiras;195884;
170111002: Barcarena;65215;
170111009: Porto Salvo;9127;
170111012: União das freguesias de Algés, Linda-a-Velha e Cruz Quebrada-Dafundo;13368;
170111013: União das freguesias de Carnaxide e Queijas;- -;
170111014: União das freguesias de Oeiras e São Julião da Barra, Paço de Arcos e Caxias;108174;
1701508: Palmela;74415946;
170150802: Palmela;13934989;
170150803: Pinhal Novo;12541403;
170150804: Quinta do Anjo;4802439;
170150806: União das freguesias de Poceirão e Marateca;43137115;
1701510: Seixal;481962;
170151002: Amora;90430;
170151005: Corroios;10813;
170151006: Fernão Ferro;332796;
170151007: União das freguesias do Seixal, Arrentela e Aldeia de Paio Pires;47923;
1701511: Sesimbra;2608291;
170151103: Quinta do Conde;5326;
170151101: Sesimbra (Castelo);2602966;
170151102: Sesimbra (Santiago);- -;
1701512: Setúbal;6598154;
170151207: Gâmbia-Pontes-Alto da Guerra;1590591;
170151208: Sado;675946;
170151205: Setúbal (São Sebastião);1384766;
170151209: União das freguesias de Azeitão (São Lourenço e São Simão);2134145;
170151210: União das freguesias de Setúbal (São Julião, Nossa Senhora da Anunciada e Santa Maria da Graça);812705;
1701111: Sintra;16010966;
170111102: Algueirão-Mem Martins;393588;
170111115: Casal de Cambra;17301;
170111105: Colares;932902;
170111108: Rio de Mouro;99285;
170111122: União das freguesias de Agualva e Mira-Sintra;2559;
170111123: União das freguesias de Almargem do Bispo, Pêro Pinheiro e Montelavar;7248455;
170111125: União das freguesias de Massamá e Monte Abraão;- -;
170111126: União das freguesias de Queluz e Belas;271521;
170111127: União das freguesias de São João das Lampas e Terrugem;6252221;
170111128: União das freguesias de Sintra (Santa Maria e São Miguel, São Martinho e São Pedro de Penaferrim);779348;
170111124: União das freguesias do Cacém e São Marcos;13787;
1701114: Vila Franca de Xira;38758670;
170111412: União das freguesias de Alhandra, São João dos Montes e Calhandriz;1323077;
170111413: União das freguesias de Alverca do Ribatejo e Sobralinho;306400;
170111414: União das freguesias de Castanheira do Ribatejo e Cachoeiras;1636147;
170111415: União das freguesias de Póvoa de Santa Iria e Forte da Casa;3443;
170111408: Vialonga;436311;
170111409: Vila Franca de Xira;35053291;
18: Alentejo;1473054240;
181: Alentejo Litoral;203741788;
1811501: Alcácer do Sal;49520442;
181150106: Comporta;1565634;
181150105: São Martinho;674228;
181150104: Torrão;13737021;
181150107: União das freguesias de Alcácer do Sal (Santa Maria do Castelo e Santiago) e Santa Susana;33543560;
1811505: Grândola;29515420;
181150501: Azinheira dos Barros e São Mamede do Sádão;4962049;
181150505: Carvalhal;616151;
181150503: Melides;3116382;
181150506: União das freguesias de Grândola e Santa Margarida da Serra;20820839;
1810211: Odemira;81805033;
181021116: Boavista dos Pinheiros;4323950;
181021118: Colos;3447910;
181021117: Longueira/Almograve;20186387;
181021115: Luzianes-Gare;560145;
181021102: Relíquias;1785727;
181021103: Sabóia;1785356;
181021119: Santa Clara-a-Velha;742039;
181021106: São Luís;1987607;
181021107: São Martinho das Amoreiras;1130351;
181021120: São Salvador e Santa Maria;2405372;
181021121: São Teotónio;37947967;
181021122: Vale de Santiago;2235315;
181021111: Vila Nova de Milfontes;1163011;
1811509: Santiago do Cacém;38554210;
181150901: Abela;6645540;
181150902: Alvalade;11611245;
181150903: Cercal;3994923;
181150904: Ermidas-Sado;2345454;
181150907: Santo André;2721239;
181150910: São Francisco da Serra;932806;
181150912: União das freguesias de Santiago do Cacém, Santa Cruz e São Bartolomeu da Serra;4769998;
181150913: União das freguesias de São Domingos e Vale de Água;5533006;
1811513: Sines;4346682;
181151302: Porto Covo;1484491;
181151301: Sines;2862192;
184: Baixo Alentejo;310806335;
1840201: Aljustrel;34205127;
184020102: Ervidel;1642459;
184020103: Messejana;12080644;
184020104: São João de Negrilhos;5026823;
184020106: União das freguesias de Aljustrel e Rio de Moinhos;15455201;
1840202: Almodôvar;11284586;
184020208: Aldeia dos Fernandes;185244;
184020203: Rosário;1275534;
184020205: Santa Cruz;1665633;
184020206: São Barnabé;758801;
184020209: União das freguesias de Almodôvar e Graça dos Padrões;4751298;
184020210: União das freguesias de Santa Clara-a-Nova e Gomes Aires;2648077;
1840203: Alvito;10913675;
184020301: Alvito;6834397;
184020302: Vila Nova da Baronia;4079277;
1840204: Barrancos;3923101;
184020401: Barrancos;3923101;
1840205: Beja;57000974;
184020502: Baleizão;6068672;
184020503: Beringel;432380;
184020504: Cabeça Gorda;5685105;
184020506: Nossa Senhora das Neves;2893511;
184020510: Santa Clara de Louredo;2376402;
184020516: São Matias;3186210;
184020519: União das freguesias de Albernoa e Trindade;9066328;
184020520: União das freguesias de Beja (Salvador e Santa Maria da Feira);1545765;
184020521: União das freguesias de Beja (Santiago Maior e São João Baptista);2009713;
184020522: União das freguesias de Salvada e Quintos;9288787;
184020523: União das freguesias de Santa Vitória e Mombeja;12386505;
184020524: União das freguesias de Trigaches e São Brissos;2061595;
1840206: Castro Verde;15688308;
184020603: Entradas;2092989;
184020604: Santa Bárbara de Padrões;1186112;
184020605: São Marcos da Ataboeira;2878345;
184020606: União das freguesias de Castro Verde e Casével;9530862;
1840207: Cuba;11557150;
184020701: Cuba;7067665;
184020702: Faro do Alentejo;1665573;
184020703: Vila Alva;2175556;
184020704: Vila Ruiva;648356;
1840208: Ferreira do Alentejo;39853916;
184020803: Figueira dos Cavaleiros;9712334;
184020804: Odivelas;4345223;
184020807: União das freguesias de Alfundão e Peroguarda;7440496;
184020808: União das freguesias de Ferreira do Alentejo e Canhestros;18355863;
1840209: Mértola;21643584;
184020901: Alcaria Ruiva;6140941;
184020902: Corte do Pinto;1506457;
184020903: Espírito Santo;1335838;
184020904: Mértola;4557934;
184020905: Santana de Cambas;3112612;
184020906: São João dos Caldeireiros;1458670;
184020910: União das freguesias de São Miguel do Pinheiro, São Pedro de Solis e São Sebastião dos Carros;3531132;
1840210: Moura;34980260;
184021001: Amareleja;4258958;
184021002: Póvoa de São Miguel;7284067;
184021008: Sobral da Adiça;4855865;
184021009: União das freguesias de Moura (Santo Agostinho e São João Baptista) e Santo Amador;13361277;
184021010: União das freguesias de Safara e Santo Aleixo da Restauração;5220093;
1840212: Ourique;17038170;
184021203: Ourique;7014471;
184021206: Santana da Serra;1272904;
184021207: União das freguesias de Garvão e Santa Luzia;2692049;
184021208: União das freguesias de Panoias e Conceição;6058746;
1840213: Serpa;38273450;
184021302: Brinches;3995429;
184021303: Pias;7518371;
184021308: União das freguesias de Serpa (Salvador e Santa Maria);14997906;
184021309: União das freguesias de Vila Nova de São Bento e Vale de Vargo;8522145;
184021307: Vila Verde de Ficalho;3239598;
1840214: Vidigueira;14444033;
184021401: Pedrógão;4433023;
184021402: Selmes;7232080;
184021403: Vidigueira;1423429;
184021404: Vila de Frades;1355502;
185: Lezíria do Tejo;433212054;
1851403: Almeirim;34456788;
185140301: Almeirim;14306619;
185140302: Benfica do Ribatejo;10786051;
185140303: Fazendas de Almeirim;7799554;
185140304: Raposa;1564564;
1851404: Alpiarça;17726695;
185140401: Alpiarça;17726695;
1851103: Azambuja;30652800;
185110301: Alcoentre;1902436;
185110302: Aveiras de Baixo;1380888;
185110303: Aveiras de Cima;1055698;
185110304: Azambuja;22092778;
185110310: União das freguesias de Manique do Intendente, Vila Nova de São Pedro e Maçussa;2981254;
185110306: Vale do Paraíso;237961;
185110307: Vila Nova da Rainha;1001784;
1851405: Benavente;78510416;
185140504: Barrosa;621479;
185140501: Benavente;31738413;
185140502: Samora Correia;43443326;
185140503: Santo Estêvão;2707198;
1851406: Cartaxo;48675281;
185140604: Pontével;2346741;
185140610: União das freguesias de Ereira e Lapa;1075249;
185140609: União das freguesias do Cartaxo e Vale da Pinta;5463186;
185140605: Valada;18537915;
185140608: Vale da Pedra;296592;
185140607: Vila Chã de Ourique;20955598;
1851407: Chamusca;25612438;
185140707: Carregueira;3029878;
185140704: Ulme;1460739;
185140708: União das freguesias da Chamusca e Pinheiro Grande;5277611;
185140709: União das freguesias de Parreira e Chouto;6607371;
185140705: Vale de Cavalos;9236840;
1851409: Coruche;60561947;
185140907: Biscainho;5496154;
185140905: Branca;5010195;
185140902: Couço;13002398;
185140908: Santana do Mato;4641585;
185140903: São José da Lamarosa;5666171;
185140909: União das freguesias de Coruche, Fajarda e Erra;26745444;
1851412: Golegã;14094667;
185141201: Azinhaga;4595512;
185141202: Golegã;7700757;
185141203: Pombalinho;1798399;
1851414: Rio Maior;37999962;
185141401: Alcobertas;4542114;
185141402: Arrouquelas;5599761;
185141410: Asseiceira;1140501;
185141405: Fráguas;4187020;
185141408: Rio Maior;9422368;
185141411: São Sebastião;805904;
185141415: União das freguesias de Azambujeira e Malaqueijo;3391549;
185141416: União das freguesias de Marmeleira e Assentiz;2775633;
185141417: União das freguesias de Outeiro da Cortiçada e Arruda dos Pisões;2434870;
185141418: União das freguesias de São João da Ribeira e Ribeira de São João;3700242;
1851415: Salvaterra de Magos;27798493;
185141502: Marinhais;4721563;
185141503: Muge;7063835;
185141507: União das freguesias de Glória do Ribatejo e Granho;1233726;
185141508: União das freguesias de Salvaterra de Magos e Foros de Salvaterra;14779369;
1851416: Santarém;57122567;
185141601: Abitureiras;2387812;
185141602: Abrã;304647;
185141604: Alcanede;6921914;
185141605: Alcanhões;3741391;
185141606: Almoster;8699282;
185141607: Amiais de Baixo;55409;
185141608: Arneiro das Milhariças;137915;
185141628: Gançaria;355154;
185141613: Moçarria;630559;
185141614: Pernes;3315416;
185141616: Póvoa da Isenta;2691834;
185141629: União das freguesias de Achete, Azoia de Baixo e Póvoa de Santarém;3327286;
185141630: União das freguesias de Azoia de Cima e Tremês;1213663;
185141631: União das freguesias de Casével e Vaqueiros;1849538;
185141632: União das freguesias de Romeira e Várzea;3106059;
185141633: União de freguesias da cidade de Santarém;7264967;
185141634: União das freguesias de São Vicente do Paul e Vale de Figueira;9734151;
185141625: Vale de Santarém;1385570;
186: Alto Alentejo;201096891;
1861201: Alter do Chão;12398375;
186120101: Alter do Chão;4385779;
186120102: Chancelaria;2306384;
186120104: Cunheira;602837;
186120103: Seda;5103374;
1861202: Arronches;11248992;
186120201: Assunção;7131888;
186120202: Esperança;2703803;
186120203: Mosteiros;1413300;
1861203: Avis;19245902;
186120302: Aldeia Velha;2145782;
186120303: Avis;4267361;
186120305: Ervedal;2512815;
186120306: Figueira e Barros;3034052;
186120309: União das freguesias de Alcórrego e Maranhão;2823926;
186120310: União das freguesias de Benavila e Valongo;4461967;
1861204: Campo Maior;14795437;
186120401: Nossa Senhora da Expectação;9036115;
186120402: Nossa Senhora da Graça dos Degolados;960700;
186120403: São João Baptista;4798622;
1861205: Castelo de Vide;6629647;
186120501: Nossa Senhora da Graça de Póvoa e Meadas;1497977;
186120502: Santa Maria da Devesa;1251221;
186120503: Santiago Maior;1855906;
186120504: São João Baptista;2024543;
1861206: Crato;9999844;
186120601: Aldeia da Mata;652723;
186120604: Gáfete;974237;
186120605: Monte da Pedra;1488471;
186120607: União das freguesias de Crato e Mártires, Flor da Rosa e Vale do Peso;6884414;
1861207: Elvas;37662751;
186120712: Assunção, Ajuda, Salvador e Santo Ildefonso;10038211;
186120713: Caia, São Pedro e Alcáçova;11433183;
186120706: Santa Eulália;3346404;
186120707: São Brás e São Lourenço;1385532;
186120708: São Vicente e Ventosa;5152097;
186120714: União das freguesias de Barbacena e Vila Fernando;2850809;
186120715: União das freguesias de Terrugem e Vila Boim;3456514;
1861208: Fronteira;9160491;
186120801: Cabeço de Vide;1633195;
186120802: Fronteira;5924797;
186120803: São Saturnino;1602499;
1861209: Gavião;3715554;
186120902: Belver;498783;
186120903: Comenda;1989899;
186120905: Margem;464759;
186120906: União das freguesias de Gavião e Atalaia;762113;
1861210: Marvão;3602247;
186121001: Beirã;1005667;
186121002: Santa Maria de Marvão;545080;
186121003: Santo António das Areias;596355;
186121004: São Salvador da Aramenha;1455146;
1861211: Monforte;14166974;
186121101: Assumar;1709361;
186121102: Monforte;7976145;
186121103: Santo Aleixo;2109979;
186121104: Vaiamonte;2371489;
1861212: Nisa;9430554;
186121201: Alpalhão;1066126;
186121205: Montalvão;1513989;
186121207: Santana;299599;
186121208: São Matias;619558;
186121210: Tolosa;593411;
186121211: União das freguesias de Arez e Amieira do Tejo;2090578;
186121212: União das freguesias de Espírito Santo, Nossa Senhora da Graça e São Simão;3247292;
1861213: Ponte de Sor;22117924;
186121304: Foros de Arrão;2685611;
186121301: Galveias;2954314;
186121305: Longomel;1527940;
186121302: Montargil;6561090;
186121308: União das freguesias de Ponte de Sor, Tramaga e Vale de Açor;8388969;
1861214: Portalegre;14703591;
186121401: Alagoa;763042;
186121402: Alegrete;1993721;
186121404: Fortios;1964907;
186121411: União das freguesias da Sé e São Lourenço;937791;
186121412: União das freguesias de Reguengo e São Julião;2526113;
186121413: União das freguesias de Ribeira de Nisa e Carreiras;2319309;
186121410: Urra;4198709;
1861215: Sousel;12218608;
186121501: Cano;2492632;
186121502: Casa Branca;4299880;
186121503: Santo Amaro;1281581;
186121504: Sousel;4144515;
187: Alentejo Central;324197171;
1870701: Alandroal;23622099;
187070104: Capelins (Santo António);3243824;
187070103: Santiago Maior;5375260;
187070105: Terena (São Pedro);4531966;
187070107: União das freguesias de Alandroal (Nossa Senhora da Conceição), São Brás dos Matos (Mina do Bugalho) e Juromenha (Nossa Senhora do Loreto);10471049;
1870702: Arraiolos;31109886;
187070201: Arraiolos;6636920;
187070202: Igrejinha;3829115;
187070208: União das freguesias de Gafanhoeira (São Pedro) e Sabugueiro;2408487;
187070209: União das freguesias de São Gregório e Santa Justa;4187521;
187070206: Vimieiro;14047843;
1870703: Borba;8867678;
187070301: Borba (Matriz);2825321;
187070304: Borba (São Bartolomeu);- -;
187070302: Orada;2574065;
187070303: Rio de Moinhos;3468293;
1870704: Estremoz;21110489;
187070401: Arcos;2387252;
187070404: Évora Monte (Santa Maria);2151534;
187070402: Glória;1450466;
187070411: São Domingos de Ana Loura;1074985;
187070414: União das freguesias de Estremoz (Santa Maria e Santo André);4417541;
187070415: União das freguesias de São Bento do Cortiço e Santo Estêvão;2090384;
187070416: União das freguesias de São Lourenço de Mamporcão e São Bento de Ana Loura;1058493;
187070417: União das freguesias do Ameixial (Santa Vitória e São Bento);5172498;
187070413: Veiros;1307336;
1870705: Évora;49752569;
187070515: Canaviais;1091484;
187070502: Nossa Senhora da Graça do Divor;3219911;
187070503: Nossa Senhora de Machede;7361628;
187070506: São Bento do Mato;1422789;
187070509: São Miguel de Machede;2972110;
187070513: Torre de Coelheiros;9274587;
187070522: União das freguesias de Bacelo e Senhora da Saúde;1861096;
187070523: União das freguesias de Évora (São Mamede, Sé, São Pedro e Santo Antão);- -;
187070524: União das freguesias de Malagueira e Horta das Figueiras;2221087;
187070525: União das freguesias de Nossa Senhora da Tourega e Nossa Senhora de Guadalupe;7005842;
187070526: União das freguesias de São Manços e São Vicente do Pigeiro;11362018;
187070527: União das freguesias de São Sebastião da Giesteira e Nossa Senhora da Boa Fé;1960016;
1870706: Montemor-o-Novo;62448093;
187070601: Cabrela;8669561;
187070607: Ciborro;2021481;
187070610: Foros de Vale de Figueira;1545721;
187070605: Santiago do Escoural;6308073;
187070606: São Cristóvão;4115382;
187070611: União das freguesias de Cortiçadas de Lavre e Lavre;7604968;
187070612: União das freguesias de Nossa Senhora da Vila, Nossa Senhora do Bispo e Silveiras;32182907;
1870707: Mora;13116678;
187070701: Brotas;1897606;
187070702: Cabeção;1929647;
187070703: Mora;2869313;
187070704: Pavia;6420111;
1870708: Mourão;8476574;
187070801: Granja;4755873;
187070802: Luz;768696;
187070803: Mourão;2952006;
1870709: Portel;24409294;
187070903: Monte do Trigo;6407228;
187070905: Portel;4445413;
187070906: Santana;1758194;
187070909: União das freguesias de Amieira e Alqueva;3195013;
187070910: União das freguesias de São Bartolomeu do Outeiro e Oriola;3111835;
187070908: Vera Cruz;5491611;
1870710: Redondo;21372696;
187071001: Montoito;3347026;
187071002: Redondo;18025670;
1870711: Reguengos de Monsaraz;19406732;
187071102: Corval;3865562;
187071103: Monsaraz;2463404;
187071104: Reguengos de Monsaraz;8050318;
187071106: União das freguesias de Campo e Campinho;5027448;
1870712: Vendas Novas;15713664;
187071202: Landeira;2868420;
187071201: Vendas Novas;12845244;
1870713: Viana do Alentejo;17306996;
187071303: Aguiar;1046071;
187071301: Alcáçovas;11598021;
187071302: Viana do Alentejo;4662904;
1870714: Vila Viçosa;7483722;
187071401: Bencatel;687648;
187071402: Ciladas;5489415;
187071406: Nossa Senhora da Conceição e São Bartolomeu;688329;
187071404: Pardais;618329;
15: Algarve;121618364;
150: Algarve;121618364;
1500801: Albufeira;6820899;
150080106: Albufeira e Olhos de Água;1109387;
150080104: Ferreiras;581564;
150080102: Guia;1389211;
150080103: Paderne;3740737;
1500802: Alcoutim;4142998;
150080202: Giões;346514;
150080203: Martim Longo;1157962;
150080206: União das freguesias de Alcoutim e Pereiro;1721427;
150080205: Vaqueiros;917096;
1500803: Aljezur;5939068;
150080301: Aljezur;823697;
150080302: Bordeira;459387;
150080303: Odeceixe;2447267;
150080304: Rogil;2208717;
1500804: Castro Marim;5118507;
150080404: Altura;1012229;
150080401: Azinhal;732257;
150080402: Castro Marim;1955192;
150080403: Odeleite;1418829;
1500805: Faro;16107727;
150080506: Montenegro;924849;
150080503: Santa Bárbara de Nexe;1782495;
150080507: União das freguesias de Conceição e Estoi;8383500;
150080508: União das freguesias de Faro (Sé e São Pedro);5016883;
1500806: Lagoa;3960701;
150080602: Ferragudo;117753;
150080604: Porches;400621;
150080607: União das freguesias de Estômbar e Parchal;1171507;
150080608: União das freguesias de Lagoa e Carvoeiro;2270820;
1500807: Lagos;2759635;
150080703: Luz;694308;
150080704: Odiáxere;669575;
150080707: União das freguesias de Bensafrim e Barão de São João;1052101;
150080708: União das freguesias de Lagos (São Sebastião e Santa Maria);343651;
1500808: Loulé;13281109;
150080801: Almancil;2307984;
150080802: Alte;2389934;
150080803: Ameixial;566008;
150080804: Boliqueime;1719670;
150080808: Loulé (São Clemente);511097;
150080809: Loulé (São Sebastião);1832361;
150080805: Quarteira;458283;
150080807: Salir;1586992;
150080812: União de freguesias de Querença, Tôr e Benafim;1908781;
1500809: Monchique;5356174;
150080901: Alferce;1604179;
150080902: Marmelete;2397916;
150080903: Monchique;1354079;
1500810: Olhão;8873780;
150081003: Olhão;43840;
150081004: Pechão;2424735;
150081005: Quelfes;924723;
150081006: União das freguesias de Moncarapacho e Fuseta;5480482;
1500811: Portimão;4408619;
150081101: Alvor;565066;
150081102: Mexilhoeira Grande;2633476;
150081103: Portimão;1210077;
1500812: São Brás de Alportel;1339339;
150081201: São Brás de Alportel;1339339;
1500813: Silves;26321230;
150081303: Armação de Pêra;59012;
150081305: São Bartolomeu de Messines;7802248;
150081306: São Marcos da Serra;1784949;
150081307: Silves;9816905;
150081309: União das freguesias de Alcantarilha e Pêra;3132539;
150081310: União das freguesias de Algoz e Tunes;3725577;
1500814: Tavira;14213070;
150081401: Cachopo;1175620;
150081404: Santa Catarina da Fonte do Bispo;1633241;
150081408: Santa Luzia;287601;
150081410: União das freguesias de Conceição e Cabanas de Tavira;2124240;
150081411: União das freguesias de Luz de Tavira e Santo Estêvão;5156710;
150081412: União das freguesias de Tavira (Santa Maria e Santiago);3835657;
1500815: Vila do Bispo;1922969;
150081501: Barão de São Miguel;98892;
150081502: Budens;252111;
150081504: Sagres;399969;
150081506: Vila do Bispo e Raposeira;1171997;
1500816: Vila Real de Santo António;1052540;
150081603: Monte Gordo;48604;
150081601: Vila Nova de Cacela;974307;
150081602: Vila Real de Santo António;29629;
2: Região Autónoma dos Açores;350932628;
20: Região Autónoma dos Açores;350932628;
200: Região Autónoma dos Açores;350932628;
2004301: Angra do Heroísmo;54564172;
200430101: Altares;4312747;
200430102: Angra (Nossa Senhora da Conceição);708417;
200430103: Angra (Santa Luzia);286584;
200430104: Angra (São Pedro);352751;
200430105: Angra (Sé);39262;
200430106: Cinco Ribeiras;2265194;
200430107: Doze Ribeiras;2074670;
200430108: Feteira;1183690;
200430109: Porto Judeu;8539459;
200430110: Posto Santo;5214923;
200430111: Raminho;2711380;
200430112: Ribeirinha;2419343;
200430113: Santa Bárbara;3401464;
200430114: São Bartolomeu de Regatos;3105799;
200430115: São Bento;2355388;
200430116: São Mateus da Calheta;1579582;
200430117: Serreta;1275424;
200430118: Terra Chã;3457371;
200430119: Vila de São Sebastião;9280724;
2004501: Calheta;15409000;
200450101: Calheta;2379044;
200450102: Norte Pequeno;1533330;
200450103: Ribeira Seca;4717699;
200450104: Santo Antão;5308371;
200450105: Topo (Nossa Senhora do Rosário);1470558;
2004901: Corvo;801744;
200490101: Corvo;801744;
2004701: Horta;18487457;
200470101: Capelo;275033;
200470102: Castelo Branco;2656853;
200470103: Cedros;3366016;
200470104: Feteira;3238846;
200470105: Flamengos;1902533;
200470106: Horta (Angústias);156526;
200470107: Horta (Conceição);464529;
200470108: Horta (Matriz);24403;
200470109: Pedro Miguel;2160557;
200470110: Praia do Almoxarife;1066382;
200470111: Praia do Norte;546392;
200470112: Ribeirinha;1011716;
200470113: Salão;1617674;
2004201: Lagoa;12451585;
200420101: Água de Pau;2771353;
200420102: Cabouco;3295035;
200420103: Lagoa (Nossa Senhora do Rosário);834143;
200420104: Lagoa (Santa Cruz);5139193;
200420105: Ribeira Chã;411862;
2004801: Lajes das Flores;4065280;
200480101: Fajã Grande;505245;
200480102: Fajãzinha;275077;
200480103: Fazenda;639563;
200480104: Lajedo;843629;
200480105: Lajes das Flores;977584;
200480106: Lomba;620426;
200480107: Mosteiro;203755;
2004601: Lajes do Pico;12724372;
200460101: Calheta de Nesquim;759035;
200460102: Lajes do Pico;5416578;
200460103: Piedade;2348203;
200460104: Ribeiras;1903065;
200460105: Ribeirinha;1105299;
200460106: São João;1192192;
2004602: Madalena;7617474;
200460201: Bandeiras;571855;
200460202: Candelária;1386417;
200460203: Criação Velha;2299008;
200460204: Madalena;1758378;
200460205: São Caetano;629682;
200460206: São Mateus;972134;
2004202: Nordeste;13644033;
200420201: Achada;2140183;
200420202: Achadinha;2010235;
200420208: Algarvia;478560;
200420203: Lomba da Fazenda;1806543;
200420204: Nordeste;2784128;
200420206: Salga;1530341;
200420207: Santana;1002435;
200420209: Santo António de Nordestinho;842723;
200420210: São Pedro de Nordestinho;1048885;
2004203: Ponta Delgada;66555138;
200420323: Ajuda da Bretanha;1131001;
200420301: Arrifes;11834737;
200420303: Candelária;1711821;
200420304: Capelas;8176676;
200420305: Covoada;4867519;
200420306: Fajã de Baixo;733469;
200420307: Fajã de Cima;3479845;
200420308: Fenais da Luz;2068624;
200420309: Feteiras;5328358;
200420310: Ginetes;3257908;
200420311: Mosteiros;1675155;
200420324: Pilar da Bretanha;2105916;
200420313: Ponta Delgada (São José);761868;
200420314: Ponta Delgada (São Pedro);531780;
200420312: Ponta Delgada (São Sebastião);205886;
200420315: Relva;2451521;
200420316: Remédios;1159442;
200420317: Rosto do Cão (Livramento);948899;
200420318: Rosto do Cão (São Roque);1717151;
200420319: Santa Bárbara;2048990;
200420325: Santa Clara;23918;
200420320: Santo António;4122489;
200420321: São Vicente Ferreira;4373212;
200420322: Sete Cidades;1838951;
2004204: Povoação;12267177;
200420401: Água Retorta;1489270;
200420402: Faial da Terra;1881995;
200420403: Furnas;3791215;
200420404: Nossa Senhora dos Remédios;1368274;
200420405: Povoação;3671177;
200420406: Ribeira Quente;65247;
2004205: Ribeira Grande;49263020;
200420501: Calhetas;935247;
200420502: Fenais da Ajuda;3928290;
200420503: Lomba da Maia;8955329;
200420504: Lomba de São Pedro;1752294;
200420505: Maia;5583167;
200420506: Pico da Pedra;2987075;
200420507: Porto Formoso;1676264;
200420508: Rabo de Peixe;4211326;
200420509: Ribeira Grande (Conceição);2587671;
200420510: Ribeira Grande (Matriz);2838527;
200420511: Ribeira Seca;2595813;
200420512: Ribeirinha;3683449;
200420513: Santa Bárbara;5793410;
200420514: São Brás;1735157;
2004401: Santa Cruz da Graciosa;8030854;
200440101: Guadalupe;3145618;
200440102: Luz;841061;
200440104: Santa Cruz da Graciosa;1912354;
200440103: São Mateus;2131820;
2004802: Santa Cruz das Flores;5072179;
200480201: Caveira;374978;
200480202: Cedros;329920;
200480203: Ponta Delgada;1264528;
200480204: Santa Cruz das Flores;3102753;
2004603: São Roque do Pico;5266227;
200460301: Prainha;1162008;
200460302: Santa Luzia;1067400;
200460303: Santo Amaro;647252;
200460304: Santo António;949550;
200460305: São Roque do Pico;1440016;
2004502: Velas;14999946;
200450201: Manadas (Santa Bárbara);1283493;
200450202: Norte Grande (Neves);4508035;
200450203: Rosais;2676748;
200450204: Santo Amaro;2796066;
200450205: Urzelina (São Mateus);1452015;
200450206: Velas (São Jorge);2283589;
2004302: Vila da Praia da Vitória;27534905;
200430201: Agualva;2901345;
200430202: Biscoitos;2865516;
200430203: Cabo da Praia;1162302;
200430204: Fonte do Bastardo;3455639;
200430205: Fontinhas;3342016;
200430206: Lajes;2042702;
200430211: Porto Martins;175326;
200430207: Praia da Vitória (Santa Cruz);5507499;
200430208: Quatro Ribeiras;1802708;
200430209: São Brás;1950513;
200430210: Vila Nova;2329337;
2004101: Vila do Porto;5437681;
200410101: Almagreira;511122;
200410102: Santa Bárbara;863811;
200410103: Santo Espírito;1471775;
200410104: São Pedro;475424;
200410105: Vila do Porto;2115550;
2004206: Vila Franca do Campo;16740385;
200420601: Água de Alto;1868535;
200420602: Ponta Garça;9419413;
200420603: Ribeira das Tainhas;896678;
200420606: Ribeira Seca;1049244;
200420604: Vila Franca do Campo (São Miguel);3291400;
200420605: Vila Franca do Campo (São Pedro);215115;
3: Região Autónoma da Madeira;80495365;
30: Região Autónoma da Madeira;80495365;
300: Região Autónoma da Madeira;80495365;
3003101: Calheta;6146290;
300310101: Arco da Calheta;1285998;
300310102: Calheta;1311187;
300310103: Estreito da Calheta;1153262;
300310104: Fajã da Ovelha;974655;
300310105: Jardim do Mar;29302;
300310106: Paul do Mar;136531;
300310107: Ponta do Pargo;671891;
300310108: Prazeres;583463;
3003102: Câmara de Lobos;9271068;
300310201: Câmara de Lobos;3119056;
300310202: Curral das Freiras;595954;
300310203: Estreito de Câmara de Lobos;2977085;
300310205: Jardim da Serra;967509;
300310204: Quinta Grande;1611464;
3003103: Funchal;6419388;
300310303: Funchal (Santa Luzia);98023;
300310304: Funchal (Santa Maria Maior);342599;
300310308: Funchal (São Pedro);128026;
300310310: Funchal (Sé);1105;
300310301: Imaculado Coração de Maria;119460;
300310302: Monte;221321;
300310305: Santo António;1064676;
300310306: São Gonçalo;1874485;
300310307: São Martinho;2227620;
300310309: São Roque;342074;
3003104: Machico;7322520;
300310401: Água de Pena;457413;
300310402: Caniçal;234804;
300310403: Machico;1215139;
300310404: Porto da Cruz;3917830;
300310405: Santo António da Serra;1497335;
3003105: Ponta do Sol;7153096;
300310501: Canhas;3637825;
300310502: Madalena do Mar;475449;
300310503: Ponta do Sol;3039822;
3003106: Porto Moniz;2658663;
300310601: Achadas da Cruz;121285;
300310602: Porto Moniz;1761865;
300310603: Ribeira da Janela;178084;
300310604: Seixal;597429;
3003201: Porto Santo;1013189;
300320101: Porto Santo;1013189;
3003107: Ribeira Brava;6719546;
300310701: Campanário;2414148;
300310702: Ribeira Brava;2376497;
300310703: Serra de Água;784854;
300310704: Tabua;1144047;
3003108: Santa Cruz;16758232;
300310802: Camacha;2013412;
300310803: Caniço;3821849;
300310804: Gaula;1005501;
300310805: Santa Cruz;3045635;
300310806: Santo António da Serra;6871835;
3003109: Santana;11671594;
300310901: Arco de São Jorge;558373;
300310902: Faial;2329988;
300310906: Ilha;580088;
300310903: Santana;4879268;
300310904: São Jorge;2109196;
300310905: São Roque do Faial;1214681;
3003110: São Vicente;5361780;
300311001: Boa Ventura;1614740;
300311002: Ponta Delgada;908212;
300311003: São Vicente;2838828;

Value of total standard production (?) of agricultural holdings by Geographic localization (NUTS -2013) -  Decennial - Statistics Portugal, Agriculture census - 2019

Note(s):
(1) The estimated results do not include the situations "Don,t know / refusal".



This data last updated:october 02, 2021


Table Metadata

Value of total standard production (?) of agricultural holdings
Name;Value of total standard production (?) of agricultural holdings by Geographic localization (NUTS -2013) -  Decennial
Regularity;Decennial
Source;Statistics Portugal, Agriculture census - 2019
First available period;1999
Last available period;2019
Dimensions
     Dimension 1;Data reference period
     Dimension 2;Geographic localization (NUTS -2013)
Concepts
     AGRICULTURAL HOLDING;Technical-economic unit that uses common production factors such as labour, machinery, facilities, land, among others, fulfilling the following four conditions: 1) yield agricultural products or maintain, in good agricultural and environmental conditions, the lands that are no longer used for productive purposes; 2) reach or exceed a certain size (in area or number of animals); 3) be subject to a single management; 4) be located in a well-defined and identifiable area.
     REFERENCE PERIOD;The length of time for which data are collected, e.g. a specific day, month or year.
Definition;
Formule;
Measure unit (symbol);Euro (?)
Power of 10;0
Last update date;02-Oct-2021